MIN=0	-1	-1	0	0	-2
MAX=56.5685424949238	1	1	1	1	2
SCALE=56.5685424949238	0.5	0.5	0.5	0.5	1
DEC=2	3	3	0	0	2
DEF="Time" t / s	"Current" I_A1 / A	"Voltage" U_B1 / V	"Relay" R_1	"Voltage source" S_1	"Magnetic flux" &F / Vs
0	0.0005	0	0	1	0
0.049	0.004	0.063	1	1	0.0015435
0.0990000000000001	0.0105	0.1205	1	1	0.00613100000000001
0.149	0.017	0.1715	1	1	0.013431
0.199	0.025	0.2245	1	1	0.023331
0.249	0.033	0.2745	1	1	0.035806
0.299	0.042	0.3245	1	1	0.050781
0.349	0.051	0.372	1	1	0.0681935
0.399	0.061	0.417	1	1	0.0879185
0.45	0.0725	0.4575	1	1	0.11021825
0.5	0.084	0.5	1	1	0.13415575
0.55	0.0965	0.539	1	1	0.16013075
0.599	0.11	0.574	1	1	0.18739925
0.65	0.125	0.606	1	1	0.21748925
0.699	0.1405	0.6395	1	1	0.248004
0.75	0.158	0.6565	1	1	0.281052
0.799	0.1755	0.6825	1	1	0.3138575
0.85	0.196	0.7	1	1	0.34911125
0.898	0.2165	0.719	1	1	0.38316725
0.949	0.2385	0.73	1	1	0.42011675
0.999	0.26	0.747	1	1	0.45704175
1.05	0.2835	0.7515	1	1	0.4952535
1.098	0.3055	0.768	1	1	0.5317215
1.149	0.3265	0.67	1	1	0.5683905
1.199	0.34	0.5765	1	1	0.599553
1.25	0.3505	0.4565	1	1	0.6258945
1.299	0.357	0.3925	1	1	0.646695
1.349	0.3605	0.3105	1	1	0.66427
1.399	0.3615	0.2425	1	1	0.678095
1.45	0.36	0.164	1	1	0.68846075
1.499	0.356	0.117	1	1	0.69534525
1.55	0.3495	0.0385	1	1	0.6993105
1.6	0.342	0.014	1	1	0.700623
1.649	0.331	-0.0285	1	1	0.70026775
1.7	0.3165	-0.056	1	1	0.698113
1.75	0.3005	-0.092	1	1	0.694413
1.799	0.2835	-0.1105	1	1	0.68945175
1.85	0.265	-0.1475	1	1	0.68287275
1.899	0.2465	-0.157	1	1	0.6754125
1.95	0.2275	-0.1925	1	1	0.66650025
2	0.2085	-0.202	1	1	0.65663775
2.049	0.1895	-0.2305	1	1	0.6460415
2.099	0.1705	-0.2465	1	1	0.6341165
2.149	0.1525	-0.2695	1	1	0.6212165
2.199	0.1335	-0.292	1	1	0.607179
2.249	0.1155	-0.3225	1	1	0.5918165
2.299	0.0975	-0.342	1	1	0.575204
2.35	0.0805	-0.519	1	1	0.5532485
2.597	0.0015	-0.5265	1	1	0.42412925
2.612	-0.002	-0.5325	1	1	0.41618675
2.632	-0.007	-0.5475	1	1	0.40538675
2.646	-0.011	-0.563	1	1	0.39761325
2.656	-0.014	-0.5675	1	1	0.39196075
2.667	-0.0165	-0.578	1	1	0.3856605
2.699	-0.026	-0.5965	1	1	0.3668685
2.748	-0.039	-0.636	1	1	0.33667225
2.799	-0.0525	-0.6695	1	1	0.303382
2.849	-0.0665	-0.7065	1	1	0.268982
2.899	-0.081	-0.7365	1	1	0.232907
2.949	-0.0955	-0.777	1	1	0.1950695
3	-0.1115	-0.797	1	1	0.1549325
3.049	-0.128	-0.837	1	1	0.1148995
3.099	-0.1455	-0.8515	1	1	0.0726870000000003
3.149	-0.163	-0.8835	1	1	0.0293120000000001
3.199	-0.182	-0.8955	1	1	-0.0151629999999997
3.25	-0.2035	-0.918	1	1	-0.0614072499999999
3.299	-0.2255	-0.9145	1	1	-0.106303499999999
3.35	-0.249	-0.918	1	1	-0.15303225
3.399	-0.268	-0.797	1	1	-0.19504975
3.45	-0.282	-0.708	1	1	-0.23342725
3.499	-0.2925	-0.593	1	1	-0.26530175
3.549	-0.301	-0.5175	1	1	-0.29306425
3.599	-0.3065	-0.414	1	1	-0.31635175
3.65	-0.31	-0.3535	1	1	-0.335923
3.699	-0.3115	-0.2585	1	1	-0.350917
3.749	-0.311	-0.2125	1	1	-0.362692
3.799	-0.3085	-0.1255	1	1	-0.371142
3.85	-0.304	-0.064	1	1	-0.37597425
3.9	-0.298	-0.0305	1	1	-0.37833675
3.95	-0.289	0.0105	1	1	-0.37883675
4	-0.277	0.049	1	1	-0.37734925
4.05	-0.2625	0.078	1	1	-0.37417425
4.099	-0.2465	0.1065	1	1	-0.369654
4.149	-0.2305	0.13	1	1	-0.3637415
4.2	-0.212	0.146	1	1	-0.3567035
4.249	-0.194	0.1805	1	1	-0.34870425
4.299	-0.1755	0.2155	1	1	-0.33880425
4.35	-0.157	0.2295	1	1	-0.32745675
4.399	-0.139	0.251	1	1	-0.3156845
4.449	-0.121	0.275	1	1	-0.3025345
4.499	-0.1035	0.311	1	1	-0.2878845
4.549	-0.086	0.33	1	1	-0.2718595
4.6	-0.069	0.35	1	1	-0.2545195
4.65	-0.0525	0.3855	1	1	-0.236132
4.7	-0.0365	0.412	1	1	-0.2161945
4.749	-0.0215	0.4495	1	1	-0.19508775
4.799	-0.007	0.4965	1	1	-0.17143775
4.85	0.007	0.527	1	1	-0.1453385
4.899	0.02	0.564	1	1	-0.118609
4.949	0.0335	0.604	1	1	-0.0894089999999999
4.999	0.0475	0.6385	1	1	-0.0583465
5.05	0.061	0.669	1	1	-0.0250052499999999
5.099	0.075	0.7025	1	1	0.00859650000000041
5.149	0.0895	0.743	1	1	0.0447340000000003
5.199	0.105	0.772	1	1	0.0826090000000002
5.249	0.121	0.792	1	1	0.121709
5.299	0.138	0.8285	1	1	0.1622215
5.348	0.156	0.8425	1	1	0.203161
5.4	0.1755	0.868	1	1	0.247634000000001
5.449	0.1955	0.898	1	1	0.290901
5.499	0.2165	0.9045	1	1	0.3359635
5.549	0.2395	0.915	1	1	0.381451
5.6	0.263	0.876	1	1	0.4271215
5.65	0.28	0.7735	1	1	0.468359000000001
5.699	0.294	0.6605	1	1	0.503492
5.75	0.305	0.575	1	1	0.53499725
5.799	0.3135	0.4635	1	1	0.5604405
5.85	0.3195	0.3975	1	1	0.582396
5.899	0.323	0.2975	1	1	0.5994235
5.95	0.324	0.2435	1	1	0.613219
6.009	0.3225	0.162	1	1	0.62518125
6.049	0.3195	0.116	1	1	0.63074125
6.099	0.3145	0.0415	1	1	0.63467875
6.15	0.3065	0.011	1	1	0.6360175
6.198	0.2955	-0.0385	1	1	0.6353575
6.251	0.28	-0.0655	1	1	0.6326015
6.298	0.265	-0.1025	1	1	0.6286535
6.349	0.247	-0.11	1	1	0.62323475
6.4	0.2285	-0.1515	1	1	0.6165665
6.449	0.2105	-0.159	1	1	0.60895925
6.499	0.1915	-0.197	1	1	0.60005925
6.55	0.1725	-0.2065	1	1	0.58977
6.6	0.154	-0.243	1	1	0.5785325
6.649	0.1355	-0.255	1	1	0.5663315
6.699	0.1175	-0.292	1	1	0.5526565
6.749	0.0995	-0.3045	1	1	0.537744
6.799	0.0825	-0.343	1	1	0.5215565
6.849	0.0655	-0.361	1	1	0.5039565
6.899	0.0485	-0.402	1	1	0.4848815
6.949	0.0325	-0.421	1	1	0.4643065
7	0.017	-0.4655	1	1	0.44170075
7.049	0.002	-0.4895	1	1	0.41830325
7.099	-0.011	-0.539	1	1	0.39259075
7.149	-0.0245	-0.5655	1	1	0.36497825
7.199	-0.0375	-0.61	1	1	0.33559075
7.249	-0.0505	-0.6425	1	1	0.30427825
7.299	-0.064	-0.684	1	1	0.27111575
7.349	-0.078	-0.7125	1	1	0.23620325
7.4	-0.093	-0.7575	1	1	0.198718249999999
7.45	-0.108	-0.78	1	1	0.16028075
7.499	-0.1235	-0.814	1	1	0.121227749999999
7.55	-0.141	-0.8355	1	1	0.0791654999999991
7.599	-0.158	-0.864	1	1	0.0375277499999995
7.65	-0.178	-0.88	1	1	-0.00694425000000059
7.699	-0.1975	-0.9095	1	1	-0.0507870000000001
7.75	-0.2195	-0.9075	1	1	-0.0971205000000003
7.799	-0.242	-0.936	1	1	-0.14228625
7.851	-0.265	-0.848	1	1	-0.188670249999999
7.9	-0.281	-0.747	1	1	-0.22774775
7.95	-0.294	-0.6355	1	1	-0.26231025
7.999	-0.304	-0.5465	1	1	-0.29126925
8.049	-0.312	-0.45	1	1	-0.31618175
8.099	-0.317	-0.3785	1	1	-0.33689425
8.149	-0.3195	-0.29	1	1	-0.35360675
8.199	-0.32	-0.242	1	1	-0.36690675
8.249	-0.3185	-0.1535	1	1	-0.37679425
8.3	-0.3145	-0.105	1	1	-0.383386
8.349	-0.3085	-0.0375	1	1	-0.38687725
8.399	-0.3005	0.009	1	1	-0.38758975
8.45	-0.2885	0.045	1	1	-0.38621275
8.5	-0.274	0.0695	1	1	-0.38335025
8.549	-0.259	0.104	1	1	-0.3790995
8.6	-0.241	0.119	1	1	-0.373413
8.65	-0.223	0.153	1	1	-0.366613
8.699	-0.205	0.176	1	1	-0.3585525
8.749	-0.1865	0.1995	1	1	-0.349165
8.798	-0.168	0.21	1	1	-0.33913225
8.85	-0.149	0.247	1	1	-0.32725025
8.898	-0.131	0.2595	1	1	-0.31509425
8.949	-0.1135	0.2945	1	1	-0.30096725
8.998	-0.0955	0.311	1	1	-0.2861325
9.05	-0.078	0.349	1	1	-0.2689725
9.099	-0.0615	0.377	1	1	-0.2511855
9.149	-0.0455	0.4075	1	1	-0.231573
9.2	-0.0295	0.4335	1	1	-0.2101275
9.249	-0.0145	0.4745	1	1	-0.1878815
9.299	0	0.509	1	1	-0.163294
9.35	0.0135	0.5465	1	1	-0.13637875
9.399	0.0265	0.582	1	1	-0.108730500000001
9.45	0.04	0.6205	1	1	-0.0780667500000004
9.499	0.054	0.657	1	1	-0.0467679999999996
9.549	0.068	0.692	1	1	-0.0130430000000003
9.6	0.082	0.724	1	1	0.0230649999999998
9.649	0.097	0.759	1	1	0.0593984999999994
9.699	0.1125	0.789	1	1	0.0980985
9.749	0.129	0.817	1	1	0.138248500000001
9.799	0.1465	0.841	1	1	0.1796985
9.849	0.165	0.8655	1	1	0.222361
9.899	0.185	0.883	1	1	0.266073499999999
9.949	0.2055	0.9015	1	1	0.310686
9.999	0.227	0.912	1	1	0.356023500000001
10.049	0.251	0.9225	1	1	0.401886
10.099	0.2715	0.815	1	1	0.4453235
10.149	0.287	0.7095	1	1	0.483435999999999
10.199	0.2995	0.6075	1	1	0.516361
10.25	0.309	0.511	1	1	0.54488275
10.299	0.3165	0.416	1	1	0.56759425
10.35	0.321	0.339	1	1	0.58684675
10.399	0.3235	0.264	1	1	0.60162025
10.45	0.3235	0.1925	1	1	0.613261
10.499	0.321	0.122	1	1	0.62096625
10.55	0.3165	0.071	1	1	0.62588775
10.6	0.31	0.0185	1	1	0.62812525
10.65	0.3005	-0.024	1	1	0.62798775
10.699	0.2875	-0.064	1	1	0.62583175
10.749	0.272	-0.087	1	1	0.62205675
10.799	0.2555	-0.1135	1	1	0.61704425
10.85	0.2375	-0.139	1	1	0.6106055
10.9	0.2185	-0.168	1	1	0.6029305
10.95	0.2005	-0.184	1	1	0.5941305
10.999	0.1815	-0.207	1	1	0.584551
11.05	0.1625	-0.2305	1	1	0.57339475
11.099	0.144	-0.2535	1	1	0.56153675
11.15	0.126	-0.2785	1	1	0.54797075
11.199	0.1085	-0.301	1	1	0.533773
11.249	0.0905	-0.3275	1	1	0.5180605
11.299	0.0735	-0.355	1	1	0.500998
11.349	0.056	-0.384	1	1	0.482523
11.399	0.04	-0.413	1	1	0.462598
11.449	0.024	-0.446	1	1	0.441123
11.498	0.009	-0.478	1	1	0.418485
11.549	-0.0045	-0.5155	1	1	0.39315075
11.599	-0.018	-0.5515	1	1	0.36647575
11.65	-0.0315	-0.591	1	1	0.337342
11.699	-0.0445	-0.6295	1	1	0.30743975
11.75	-0.0585	-0.663	1	1	0.274481
11.802	-0.073	-0.7055	1	1	0.2389
11.851	-0.0865	-0.732	1	1	0.203681250000001
11.899	-0.101	-0.7665	1	1	0.16771725
11.95	-0.1165	-0.7935	1	1	0.12793725
11.999	-0.134	-0.8285	1	1	0.0881982499999993
12.05	-0.15	-0.845	1	1	0.0455239999999992
12.1	-0.1685	-0.871	1	1	0.00262400000000013
12.148	-0.188	-0.889	1	1	-0.0396159999999999
12.199	-0.209	-0.904	1	1	-0.0853375000000001
12.249	-0.2315	-0.9075	1	1	-0.130625000000001
12.299	-0.255	-0.904	1	1	-0.1759125
12.349	-0.2735	-0.7865	1	1	-0.218175
12.398	-0.2885	-0.686	1	1	-0.25425125
12.45	-0.3005	-0.56	1	1	-0.28664725
12.499	-0.3095	-0.4875	1	1	-0.312311
12.55	-0.316	-0.3905	1	1	-0.3347
12.599	-0.3195	-0.324	1	1	-0.35220525
12.65	-0.3215	-0.243	1	1	-0.36666375
12.699	-0.321	-0.1805	1	1	-0.3770395
12.75	-0.318	-0.1035	1	1	-0.3842815
12.8	-0.313	-0.0595	1	1	-0.3883565
12.85	-0.306	0.012	1	1	-0.389544
12.899	-0.2965	0.028	1	1	-0.388564
12.95	-0.282	0.078	1	1	-0.385861
12.999	-0.267	0.092	1	1	-0.381696
13.05	-0.2495	0.133	1	1	-0.3759585
13.099	-0.232	0.1425	1	1	-0.36920875
13.149	-0.214	0.18	1	1	-0.36114625
13.199	-0.1955	0.1925	1	1	-0.35183375
13.249	-0.177	0.219	1	1	-0.34154625
13.3	-0.158	0.235	1	1	-0.32996925
13.35	-0.1395	0.2715	1	1	-0.31730675
13.399	-0.1215	0.285	1	1	-0.3036725
13.449	-0.1035	0.3145	1	1	-0.288685
13.499	-0.0865	0.334	1	1	-0.2724725
13.55	-0.069	0.368	1	1	-0.2545715
13.599	-0.0525	0.3905	1	1	-0.23598825
13.65	-0.0365	0.43	1	1	-0.2150655
13.7	-0.0215	0.4545	1	1	-0.192953000000001
13.749	-0.007	0.498	1	1	-0.16961675
13.799	0.0065	0.5255	1	1	-0.14402925
13.85	0.0205	0.5695	1	1	-0.11610675
13.899	0.0335	0.6	1	1	-0.0874540000000007
13.95	0.0475	0.6415	1	1	-0.0557957500000006
13.998	0.061	0.675	1	1	-0.0241997500000006
14.05	0.0755	0.715	1	1	0.0119402500000004
14.099	0.09	0.737	1	1	0.04751425
14.149	0.105	0.7785	1	1	0.0854017499999992
14.2	0.1215	0.8105	1	1	0.125921249999999
14.249	0.138	0.834	1	1	0.1662115
14.299	0.1565	0.8465	1	1	0.208223999999999
14.35	0.176	0.8745	1	1	0.2521095
14.398	0.195	0.8865	1	1	0.2943735
14.449	0.217	0.9055	1	1	0.3400695
14.499	0.24	0.9095	1	1	0.3854445
14.549	0.2625	0.8775	1	1	0.430119499999999
14.599	0.28	0.747	1	1	0.470732
14.649	0.294	0.656	1	1	0.505806999999999
14.702	0.305	0.567	1	1	0.5382165
14.75	0.3135	0.463	1	1	0.5629365
14.799	0.319	0.367	1	1	0.5832715
14.849	0.3225	0.3015	1	1	0.599984
14.9	0.324	0.207	1	1	0.61295075
14.95	0.3225	0.16	1	1	0.62212575
15	0.319	0.079	1	1	0.62810075
15.049	0.3135	0.0445	1	1	0.6311265
15.099	0.3055	-0.0225	1	1	0.6316765
15.15	0.294	-0.046	1	1	0.62992975
15.199	0.2795	-0.0675	1	1	0.627149
15.25	0.263	-0.1035	1	1	0.6227885
15.3	0.246	-0.139	1	1	0.616726
15.349	0.228	-0.151	1	1	0.609621
15.4	0.2085	-0.166	1	1	0.6015375
15.449	0.1905	-0.1975	1	1	0.59263175
15.499	0.1715	-0.2265	1	1	0.58203175
15.55	0.153	-0.2455	1	1	0.56999575
15.599	0.135	-0.2765	1	1	0.55720675
15.65	0.116	-0.291	1	1	0.542735499999999
15.7	0.098	-0.3075	1	1	0.527772999999999
15.749	0.081	-0.3405	1	1	0.511896999999999
15.8	0.064	-0.3725	1	1	0.4937155
15.849	0.0475	-0.4035	1	1	0.4747035
15.899	0.0315	-0.4315	1	1	0.4538285
15.949	0.0155	-0.467	1	1	0.431366
15.999	0.001	-0.4935	1	1	0.407353499999999
16.05	-0.012	-0.5405	1	1	0.380986499999999
16.099	-0.0255	-0.573	1	1	0.353705749999999
16.15	-0.0385	-0.609	1	1	0.323564749999998
16.199	-0.052	-0.65	1	1	0.292719249999999
16.249	-0.0655	-0.683	1	1	0.259394249999998
16.3	-0.08	-0.7135	1	1	0.223783499999999
16.349	-0.094	-0.753	1	1	0.18785425
16.399	-0.109	-0.782	1	1	0.149479249999999
16.449	-0.125	-0.8195	1	1	0.109441749999998
16.499	-0.142	-0.837	1	1	0.0680292499999978
16.549	-0.1595	-0.871	1	1	0.0253292499999972
16.599	-0.1785	-0.8825	1	1	-0.0185082500000003
16.649	-0.199	-0.91	1	1	-0.0633207500000009
16.7	-0.221	-0.9105	1	1	-0.109743500000003
16.75	-0.2445	-0.928	1	1	-0.155706
16.799	-0.2665	-0.839	1	1	-0.198997500000003
16.85	-0.2825	-0.747	1	1	-0.239440500000001
16.9	-0.296	-0.6245	1	1	-0.273728000000002
16.95	-0.306	-0.5445	1	1	-0.302953000000002
16.999	-0.3135	-0.444	1	1	-0.327171250000002
17.05	-0.319	-0.379	1	1	-0.348157750000001
17.099	-0.3215	-0.2775	1	1	-0.364242000000001
17.149	-0.322	-0.2215	1	1	-0.376717000000002
17.199	-0.3205	-0.1415	1	1	-0.385792000000002
17.25	-0.316	-0.081	1	1	-0.391465750000001
17.299	-0.3105	-0.029	1	1	-0.394160750000002
17.35	-0.3015	0.0085	1	1	-0.394683500000002
17.399	-0.2895	0.051	1	1	-0.393225750000002
17.449	-0.2745	0.0695	1	1	-0.390213250000002
17.499	-0.2585	0.1085	1	1	-0.385763250000002
17.549	-0.241	0.114	1	1	-0.380200750000001
17.599	-0.223	0.157	1	1	-0.373425750000002
17.65	-0.204	0.169	1	1	-0.365112750000001
17.699	-0.186	0.201	1	1	-0.356047750000002
17.749	-0.167	0.2115	1	1	-0.345735250000001
17.8	-0.1485	0.251	1	1	-0.333941500000002
17.849	-0.13	0.2605	1	1	-0.321409750000002
17.899	-0.112	0.299	1	1	-0.307422250000002
17.949	-0.0945	0.3155	1	1	-0.292059750000002
18	-0.077	0.3495	1	1	-0.275102250000002
18.049	-0.061	0.3705	1	1	-0.257462250000001
18.099	-0.0415	0.4155	1	1	-0.237812250000002
18.15	-0.0285	0.4355	1	1	-0.216111750000001
18.2	-0.0135	0.4775	1	1	-0.193286750000001
18.251	0.0005	0.507	1	1	-0.168182000000002
18.3	0.014	0.5515	1	1	-0.142248750000002
18.351	0.028	0.5875	1	1	-0.113204250000001
18.399	0.0405	0.6265	1	1	-0.0840682500000019
18.449	0.0545	0.6555	1	1	-0.0520182500000015
18.499	0.0685	0.6965	1	1	-0.018218250000001
18.55	0.0835	0.7285	1	1	0.0181192499999979
18.599	0.098	0.767	1	1	0.0547589999999975
18.65	0.114	0.79	1	1	0.094462499999999
18.699	0.1295	0.824	1	1	0.134005499999999
18.749	0.1475	0.8435	1	1	0.175692999999999
18.799	0.166	0.8735	1	1	0.218618
18.85	0.186	0.883	1	1	0.263408749999998
18.9	0.207	0.906	1	1	0.308133749999999
18.949	0.229	0.911	1	1	0.352650249999999
18.999	0.2525	0.921	1	1	0.398450249999999
19.05	0.273	0.81	1	1	0.442590749999998
19.099	0.288	0.7135	1	1	0.479916499999997
19.149	0.3	0.598	1	1	0.512703999999998
19.2	0.3095	0.503	1	1	0.540779499999999
19.25	0.317	0.4155	1	1	0.563741999999998
19.299	0.3215	0.3405	1	1	0.582263999999999
19.349	0.324	0.2565	1	1	0.597188999999998
19.399	0.3235	0.1955	1	1	0.608488999999998
19.449	0.3215	0.122	1	1	0.616426499999998
19.5	0.317	0.07	1	1	0.621322499999998
19.549	0.3105	0.0135	1	1	0.623368249999998
19.599	0.3005	-0.015	1	1	0.623330749999998
19.648	0.2875	-0.061	1	1	0.621468749999998
19.699	0.2715	-0.0825	1	1	0.617809499999998
19.75	0.254	-0.1165	1	1	0.612734999999998
19.799	0.2365	-0.133	1	1	0.606622249999998
19.85	0.2175	-0.1645	1	1	0.599035999999998
19.899	0.199	-0.1865	1	1	0.590436499999998
19.95	0.18	-0.2095	1	1	0.580338499999998
19.999	0.162	-0.223	1	1	0.569742249999998
20.049	0.1435	-0.257	1	1	0.557742249999998
20.099	0.125	-0.2705	1	1	0.544554749999999
20.149	0.1075	-0.305	1	1	0.530167249999998
20.199	0.0895	-0.326	1	1	0.514392249999998
20.255	0.07	-0.357	1	1	0.495268249999998
20.3	0.055	-0.388	1	1	0.478505749999999
20.352	0.038	-0.417	1	1	0.457575749999999
20.399	0.0235	-0.441	1	1	0.437412749999999
20.45	0.0075	-0.482	1	1	0.413876249999998
20.499	-0.0055	-0.5185	1	1	0.389363999999998
20.549	-0.019	-0.556	1	1	0.362501499999997
20.6	-0.0325	-0.5925	1	1	0.333214749999998
20.65	-0.046	-0.631	1	1	0.302627249999998
20.7	-0.0595	-0.6665	1	1	0.270189749999998
20.75	-0.073	-0.7015	1	1	0.235989749999999
20.799	-0.087	-0.747	1	1	0.200501499999997
20.85	-0.1025	-0.77	1	1	0.161817999999998
20.9	-0.1175	-0.799	1	1	0.122592999999998
20.949	-0.1335	-0.8285	1	1	0.0827192499999983
20.999	-0.151	-0.8485	1	1	0.0407942499999977
21.05	-0.17	-0.8735	1	1	-0.00311675000000088
21.1	-0.1895	-0.891	1	1	-0.0472292500000015
21.149	-0.211	-0.9055	1	1	-0.091243500000001
21.2	-0.2335	-0.9145	1	1	-0.137653500000003
21.25	-0.2575	-0.8975	1	1	-0.1829535
21.299	-0.2755	-0.784	1	1	-0.224150250000003
21.349	-0.291	-0.67	1	1	-0.260500250000001
21.399	-0.3015	-0.5765	1	1	-0.291662750000001
21.45	-0.311	-0.4815	1	1	-0.318641750000002
21.499	-0.317	-0.397	1	1	-0.340165000000002
21.55	-0.321	-0.3145	1	1	-0.358308250000001
21.599	-0.3225	-0.241	1	1	-0.371918000000001
21.65	-0.322	-0.1705	1	1	-0.382411250000002
21.7	-0.319	-0.1105	1	1	-0.389436250000002
21.749	-0.314	-0.053	1	1	-0.393442000000002
21.799	-0.307	-0.0035	1	1	-0.394854500000002
21.849	-0.296	0.0325	1	1	-0.394129500000002
21.899	-0.2825	0.067	1	1	-0.391642000000002
21.95	-0.2665	0.093	1	1	-0.387562000000002
21.999	-0.2495	0.121	1	1	-0.382319000000002
22.048	-0.232	0.1435	1	1	-0.375838750000002
22.099	-0.213	0.1685	1	1	-0.367882750000002
22.15	-0.194	0.1915	1	1	-0.358702750000002
22.2	-0.175	0.2255	1	1	-0.348277750000002
22.249	-0.157	0.2365	1	1	-0.336958750000002
22.299	-0.1385	0.2635	1	1	-0.324458750000002
22.35	-0.12	0.2865	1	1	-0.310433750000002
22.399	-0.103	0.3095	1	1	-0.295831750000002
22.449	-0.0855	0.3345	1	1	-0.279731750000002
22.5	-0.068	0.366	1	1	-0.261869000000003
22.55	-0.0515	0.395	1	1	-0.242844000000002
22.6	-0.0355	0.425	1	1	-0.222344000000002
22.649	-0.0205	0.476	1	1	-0.200269500000002
22.699	-0.006	0.4945	1	1	-0.176007000000002
22.75	0.0075	0.5315	1	1	-0.149844000000003
22.799	0.021	0.5685	1	1	-0.122894000000001
22.849	0.0345	0.606	1	1	-0.0935315000000027
22.9	0.048	0.6415	1	1	-0.0617202500000015
22.95	0.062	0.6775	1	1	-0.028745250000001
22.999	0.076	0.712	1	1	0.00529749999999865
23.049	0.091	0.7455	1	1	0.0417349999999992
23.099	0.106	0.777	1	1	0.079797499999997
23.15	0.1225	0.802	1	1	0.120061999999999
23.199	0.139	0.8325	1	1	0.160107249999998
23.25	0.1575	0.856	1	1	0.203163999999997
23.299	0.177	0.872	1	1	0.245499999999999
23.349	0.1965	0.8945	1	1	0.289662499999997
23.399	0.2185	0.908	1	1	0.334724999999997
23.45	0.2415	0.9145	1	1	0.381198749999999
23.499	0.2635	0.87	1	1	0.424918999999999
23.55	0.2815	0.74	1	1	0.465973999999997
23.599	0.295	0.6495	1	1	0.500016749999997
23.65	0.306	0.5425	1	1	0.530412749999998
23.699	0.3145	0.456	1	1	0.554875999999998
23.749	0.32	0.369	1	1	0.575500999999998
23.799	0.323	0.293	1	1	0.592050999999999
23.849	0.3245	0.211	1	1	0.604650999999998
23.899	0.323	0.1525	1	1	0.613738499999998
23.95	0.3195	0.085	1	1	0.619794749999998
23.999	0.314	0.0035	1	1	0.621962999999998
24.049	0.3055	-0.0265	1	1	0.621387999999998
24.099	0.2935	-0.046	1	1	0.619575499999998
24.15	0.2785	-0.0865	1	1	0.616196749999998
24.2	0.2625	-0.105	1	1	0.611409249999998
24.25	0.245	-0.133	1	1	0.605459249999998
24.299	0.2265	-0.152	1	1	0.598476749999998
24.35	0.2075	-0.1845	1	1	0.589895999999998
24.4	0.189	-0.1985	1	1	0.580320999999998
24.45	0.17	-0.2275	1	1	0.569670999999998
24.499	0.152	-0.2435	1	1	0.558131499999998
24.549	0.1335	-0.2705	1	1	0.545281499999998
24.6	0.115	-0.2925	1	1	0.530924999999998
24.65	0.097	-0.3245	1	1	0.515499999999998
24.699	0.08	-0.345	1	1	0.499097249999998
24.75	0.061	-0.3705	1	1	0.480851999999999
24.8	0.0465	-0.4025	1	1	0.461526999999999
24.849	0.0305	-0.4325	1	1	0.441069499999999
24.899	0.015	-0.4665	1	1	0.418594499999999
24.95	-0.0005	-0.501	1	1	0.393923249999998
24.999	-0.0125	-0.537	1	1	0.368492249999998
25.05	-0.0265	-0.58	1	1	0.340008749999999
25.1	-0.04	-0.607	1	1	0.310333749999998
25.15	-0.0535	-0.652	1	1	0.278858749999998
25.2	-0.067	-0.6795	1	1	0.245571249999997
25.249	-0.0805	-0.7195	1	1	0.211295749999998
25.299	-0.095	-0.75	1	1	0.174558249999997
25.349	-0.11	-0.7835	1	1	0.136220749999999
25.399	-0.126	-0.8115	1	1	0.0963457499999989
25.449	-0.143	-0.8395	1	1	0.0550707499999983
25.499	-0.161	-0.8565	1	1	0.0126707499999977
25.55	-0.1805	-0.8855	1	1	-0.0317502500000009
25.599	-0.201	-0.8925	1	1	-0.0753112500000004
25.649	-0.2225	-0.911	1	1	-0.120398750000001
25.699	-0.246	-0.911	1	1	-0.165948750000002
25.749	-0.2675	-0.8355	1	1	-0.209611250000002
25.799	-0.2835	-0.7225	1	1	-0.248561250000003
25.849	-0.2965	-0.623	1	1	-0.282198750000001
25.9	-0.307	-0.5145	1	1	-0.311205000000002
25.949	-0.3145	-0.433	1	1	-0.334418750000002
26	-0.3195	-0.328	1	1	-0.353824250000001
26.049	-0.3225	-0.2745	1	1	-0.368585500000002
26.099	-0.3225	-0.191	1	1	-0.380223000000002
26.15	-0.321	-0.14	1	1	-0.388663500000002
26.199	-0.317	-0.074	1	1	-0.393906500000002
26.25	-0.3105	-0.0265	1	1	-0.396469250000002
26.3	-0.3015	0.019	1	1	-0.396656750000002
26.349	-0.289	0.051	1	1	-0.394941750000002
26.399	-0.2745	0.1025	1	1	-0.391104250000002
26.45	-0.2575	0.1075	1	1	-0.385749250000001
26.499	-0.2405	0.139	1	1	-0.379710000000001
26.551	-0.2215	0.1545	1	1	-0.372079000000002
26.599	-0.2035	0.186	1	1	-0.363907000000002
26.649	-0.1845	0.201	1	1	-0.354232000000002
26.7	-0.165	0.238	1	1	-0.343037500000001
26.75	-0.147	0.248	1	1	-0.330887500000002
26.799	-0.129	0.285	1	1	-0.317829000000001
26.85	-0.111	0.2965	1	1	-0.303000750000002
26.899	-0.094	0.3295	1	1	-0.287663750000002
26.949	-0.077	0.353	1	1	-0.270601250000002
26.999	-0.0595	0.39	1	1	-0.252026250000001
27.049	-0.0435	0.41	1	1	-0.232026250000001
27.099	-0.028	0.4475	1	1	-0.210588750000002
27.15	-0.0125	0.4755	1	1	-0.187052250000001
27.2	0.0015	0.5175	1	1	-0.162227250000001
27.249	0.0145	0.5485	1	1	-0.136110250000001
27.3	0.0285	0.6115	1	1	-0.106530250000002
27.354	0.0435	0.6295	1	1	-0.0730232500000008
27.399	0.0555	0.666	1	1	-0.043874500000002
27.45	0.07	0.7	1	1	-0.00904150000000072
27.5	0.084	0.732	1	1	0.0267584999999973
27.549	0.099	0.7605	1	1	0.0633247499999995
27.599	0.114	0.7945	1	1	0.102199749999997
27.649	0.131	0.8135	1	1	0.142399749999998
27.699	0.1485	0.8475	1	1	0.183924749999998
27.749	0.1675	0.8665	1	1	0.226774749999999
27.799	0.187	0.883	1	1	0.27051225
27.849	0.208	0.8935	1	1	0.314924749999997
27.899	0.23	0.9155	1	1	0.360149749999998
27.95	0.2545	0.921	1	1	0.4069805
28	0.2745	0.799	1	1	0.449980499999997
28.05	0.289	0.6995	1	1	0.487442999999998
28.099	0.301	0.598	1	1	0.519231749999997
28.15	0.3105	0.486	1	1	0.546873749999998
28.199	0.3175	0.4125	1	1	0.568886999999998
28.249	0.322	0.316	1	1	0.587099499999998
28.299	0.324	0.257	1	1	0.601424499999999
28.35	0.324	0.195	1	1	0.612950499999998
28.4	0.3215	0.117	1	1	0.620750499999998
28.449	0.317	0.054	1	1	0.624939999999998
28.5	0.31	0.011	1	1	0.626597499999998
28.549	0.3	-0.0355	1	1	0.625997249999998
28.599	0.2865	-0.06	1	1	0.623609749999998
28.649	0.271	-0.1085	1	1	0.619397249999998
28.7	0.2535	-0.1195	1	1	0.613583249999998
28.749	0.236	-0.1565	1	1	0.606821249999998
28.799	0.217	-0.1645	1	1	0.598796249999998
28.849	0.1985	-0.19	1	1	0.589933749999998
28.899	0.1795	-0.208	1	1	0.579983749999998
28.949	0.1605	-0.223	1	1	0.569208749999998
28.999	0.142	-0.257	1	1	0.557208749999998
29.049	0.1235	-0.2725	1	1	0.543971249999998
29.099	0.106	-0.308	1	1	0.529458749999999
29.149	0.0885	-0.3385	1	1	0.513296249999998
29.2	0.071	-0.3625	1	1	0.495420749999998
29.251	0.054	-0.382	1	1	0.476435999999998
29.299	0.038	-0.417	1	1	0.457259999999998
29.349	0.022	-0.45	1	1	0.435584999999999
29.399	0.007	-0.49	1	1	0.412084999999999
29.449	-0.006	-0.5235	1	1	0.386747499999998
29.5	-0.02	-0.565	1	1	0.358990749999999
29.55	-0.0335	-0.589	1	1	0.330140749999999
29.599	-0.0465	-0.6355	1	1	0.300140499999999
29.649	-0.06	-0.6655	1	1	0.267615499999999
29.699	-0.074	-0.7065	1	1	0.233315499999998
29.75	-0.0885	-0.735	1	1	0.196557249999999
29.799	-0.103	-0.776	1	1	0.159537749999997
29.849	-0.118	-0.802	1	1	0.120087749999999
29.9	-0.1365	-0.8295	1	1	0.0784844999999975
29.95	-0.153	-0.849	1	1	0.0365219999999969
29.999	-0.1705	-0.8695	1	1	-0.00558125000000263
30.05	-0.191	-0.8895	1	1	-0.0504357500000012
30.1	-0.212	-0.9195	1	1	-0.0956607500000018
30.15	-0.2345	-0.915	1	1	-0.141523250000002
30.199	-0.258	-0.9095	1	1	-0.186223500000002
30.25	-0.2765	-0.769	1	1	-0.229025250000001
30.298	-0.2905	-0.6725	1	1	-0.263621250000002
30.35	-0.303	-0.5625	1	1	-0.295731250000002
30.398	-0.311	-0.482	1	1	-0.320799250000003
30.45	-0.318	-0.386	1	1	-0.343367250000002
30.499	-0.3215	-0.3195	1	1	-0.360652000000002
30.55	-0.323	-0.232	1	1	-0.374715250000002
30.599	-0.322	-0.189	1	1	-0.385029750000002
30.65	-0.319	-0.104	1	1	-0.392501250000002
30.7	-0.314	-0.071	1	1	-0.396876250000002
30.749	-0.3065	0.0005	1	1	-0.398603500000002
30.868	-0.2755	0.08	1	1	-0.393813750000002
30.879	-0.272	0.069	1	1	-0.392994250000002
30.899	-0.2655	0.0795	1	1	-0.391509250000002
30.95	-0.248	0.1245	1	1	-0.386307250000002
31	-0.23	0.1305	1	1	-0.379932250000002
31.05	-0.212	0.172	1	1	-0.372369750000002
31.099	-0.1935	0.1785	1	1	-0.363782500000002
31.15	-0.1745	0.218	1	1	-0.353671750000002
31.199	-0.1555	0.227	1	1	-0.342769250000002
31.249	-0.1375	0.266	1	1	-0.330444250000002
31.299	-0.119	0.277	1	1	-0.316869250000003
31.35	-0.1015	0.3135	1	1	-0.301811500000002
31.399	-0.084	0.3285	1	1	-0.286082500000002
31.45	-0.067	0.3685	1	1	-0.268309000000002
31.5	-0.0505	0.388	1	1	-0.249396500000003
31.549	-0.035	0.4305	1	1	-0.229343250000003
31.599	-0.0195	0.4535	1	1	-0.207243250000001
31.65	-0.0045	0.499	1	1	-0.182954500000003
31.7	0.0085	0.526	1	1	-0.157329500000001
31.75	0.022	0.5725	1	1	-0.129867000000003
31.8	0.036	0.6065	1	1	-0.100392
31.849	0.049	0.6485	1	1	-0.0696445000000006
31.899	0.063	0.6735	1	1	-0.0365945000000025
31.95	0.0775	0.717	1	1	-0.00113675000000116
31.999	0.0915	0.7415	1	1	0.0345964999999985
32.049	0.107	0.782	1	1	0.0726839999999963
32.1	0.1235	0.8045	1	1	0.113139749999998
32.15	0.1405	0.8405	1	1	0.154264749999996
32.199	0.158	0.853	1	1	0.195755500000001
32.249	0.1775	0.884	1	1	0.239180499999999
32.3	0.1985	0.8955	1	1	0.28455775
32.35	0.22	0.9245	1	1	0.330057749999998
32.401	0.243	0.917	1	1	0.377016
32.449	0.265	0.867	1	1	0.419832000000001
32.499	0.282	0.7455	1	1	0.460144499999999
32.549	0.2955	0.649	1	1	0.495006999999997
32.599	0.3065	0.5395	1	1	0.524719499999999
32.649	0.315	0.459	1	1	0.549681999999998
32.699	0.3205	0.3655	1	1	0.5702945
32.749	0.3235	0.294	1	1	0.586781999999999
32.799	0.3245	0.213	1	1	0.599456999999998
32.85	0.323	0.15	1	1	0.608713499999999
32.899	0.3195	0.0865	1	1	0.614507749999998
32.949	0.3135	0.0395	1	1	0.617657749999999
32.999	0.305	-0.0135	1	1	0.618307749999999
33.049	0.293	-0.0465	1	1	0.616807749999999
33.099	0.2775	-0.0835	1	1	0.613557749999998
33.15	0.2615	-0.108	1	1	0.608674499999999
33.199	0.2445	-0.1325	1	1	0.602782249999998
33.249	0.2255	-0.153	1	1	0.595644749999999
33.3	0.2065	-0.1785	1	1	0.587191499999998
33.35	0.1875	-0.1985	1	1	0.577766499999999
33.399	0.1695	-0.2235	1	1	0.567427499999999
33.448	0.151	-0.2375	1	1	0.556132999999999
33.499	0.132	-0.271	1	1	0.543166249999999
33.549	0.1145	-0.289	1	1	0.529166249999999
33.599	0.0965	-0.3205	1	1	0.513928749999998
33.65	0.079	-0.3465	1	1	0.49692025
33.699	0.0625	-0.376	1	1	0.479218999999997
33.75	0.0455	-0.4015	1	1	0.459392749999999
33.799	0.0295	-0.435	1	1	0.4388985
33.849	0.0145	-0.4665	1	1	0.416360999999998
33.899	0	-0.5055	1	1	0.392060999999999
33.949	-0.0135	-0.5415	1	1	0.365885999999997
34	-0.027	-0.5795	1	1	0.3373005
34.05	-0.0405	-0.615	1	1	0.307437999999997
34.098	-0.0535	-0.654	1	1	0.276982000000001
34.15	-0.0675	-0.688	1	1	0.242090000000001
34.199	-0.0815	-0.7225	1	1	0.207532749999996
34.25	-0.096	-0.756	1	1	0.169831
34.299	-0.111	-0.791	1	1	0.1319295
34.35	-0.1275	-0.8155	1	1	0.0909637499999988
34.4	-0.144	-0.842	1	1	0.0495262500000012
34.449	-0.162	-0.864	1	1	0.00772924999999558
34.499	-0.1815	-0.885	1	1	-0.0359957500000019
34.55	-0.203	-0.898	1	1	-0.0814622500000037
34.6	-0.224	-0.9135	1	1	-0.126749750000001
34.649	-0.247	-0.921	1	1	-0.171695000000001
34.699	-0.2685	-0.8375	1	1	-0.215657500000004
34.749	-0.2845	-0.7185	1	1	-0.254557500000002
34.799	-0.2975	-0.623	1	1	-0.288095
34.851	-0.308	-0.5085	1	1	-0.317514
34.899	-0.315	-0.4305	1	1	-0.340050000000001
34.949	-0.32	-0.345	1	1	-0.359437500000003
34.999	-0.3225	-0.277	1	1	-0.374987500000002
35.05	-0.323	-0.1945	1	1	-0.387010750000002
35.099	-0.321	-0.141	1	1	-0.395230500000002
35.15	-0.3165	-0.066	1	1	-0.400509000000001
35.2	-0.3105	-0.021	1	1	-0.402684000000002
35.249	-0.3015	0.0215	1	1	-0.402671750000002
35.299	-0.2885	0.0535	1	1	-0.400796750000002
35.349	-0.2735	0.0845	1	1	-0.397346750000001
35.399	-0.2565	0.111	1	1	-0.392459250000002
35.449	-0.2395	0.135	1	1	-0.386309250000001
35.499	-0.2205	0.158	1	1	-0.378984250000002
35.548	-0.2025	0.1815	1	1	-0.370666500000002
35.599	-0.1835	0.2	1	1	-0.360938250000001
35.649	-0.1635	0.2415	1	1	-0.349900750000002
35.7	-0.1455	0.252	1	1	-0.337316500000002
35.749	-0.128	0.275	1	1	-0.324405000000002
35.8	-0.11	0.299	1	1	-0.309768000000001
35.849	-0.0925	0.326	1	1	-0.294455500000001
35.899	-0.0755	0.3525	1	1	-0.277493000000002
35.949	-0.0585	0.383	1	1	-0.259105500000001
35.999	-0.0425	0.4105	1	1	-0.239268000000002
36.049	-0.027	0.444	1	1	-0.217905500000003
36.099	-0.012	0.479	1	1	-0.194830500000001
36.149	0.0015	0.5155	1	1	-0.169968000000002
36.2	0.0155	0.555	1	1	-0.142670250000001
36.249	0.0295	0.5905	1	1	-0.114605500000002
36.299	0.0425	0.627	1	1	-0.0841680000000034
36.349	0.0565	0.6695	1	1	-0.0517555000000006
36.399	0.07	0.6975	1	1	-0.0175805000000026
36.449	0.085	0.731	1	1	0.0181320000000005
36.501	0.1	0.765	1	1	0.0570280000000002
36.549	0.1155	0.795	1	1	0.094467999999996
36.599	0.132	0.817	1	1	0.134767999999999
36.649	0.1495	0.8465	1	1	0.176355499999997
36.7	0.1685	0.868	1	1	0.220075249999999
36.75	0.1885	0.8865	1	1	0.263937749999996
36.799	0.2095	0.9025	1	1	0.307768249999996
36.85	0.232	0.9145	1	1	0.354101749999998
36.899	0.2555	0.911	1	1	0.398826499999997
36.948	0.2745	0.798	1	1	0.440696999999997
36.999	0.29	0.686	1	1	0.478538999999998
37.05	0.302	0.5875	1	1	0.511013249999999
37.1	0.3115	0.4875	1	1	0.537888249999998
37.149	0.318	0.404	1	1	0.559729999999998
37.199	0.3225	0.2995	1	1	0.577317499999999
37.249	0.3245	0.2465	1	1	0.590967499999998
37.299	0.3245	0.1725	1	1	0.601442499999998
37.35	0.3215	0.1145	1	1	0.608760999999998
37.399	0.317	0.057	1	1	0.612962749999998
37.45	0.3095	0.008	1	1	0.614620249999998
37.499	0.2995	-0.0345	1	1	0.613970999999998
37.55	0.285	-0.0645	1	1	0.611446499999998
37.599	0.27	-0.102	1	1	0.607367249999998
37.649	0.2525	-0.1205	1	1	0.601804749999998
37.699	0.235	-0.146	1	1	0.595142249999998
37.75	0.2155	-0.166	1	1	0.587186249999999
37.8	0.1965	-0.201	1	1	0.578011249999998
37.849	0.1785	-0.212	1	1	0.567892749999998
37.899	0.1595	-0.236	1	1	0.556692749999999
37.949	0.141	-0.2565	1	1	0.544380249999998
37.999	0.1225	-0.29	1	1	0.530717749999998
38.049	0.105	-0.307	1	1	0.515792749999999
38.099	0.0875	-0.3335	1	1	0.499780249999998
38.15	0.07	-0.3605	1	1	0.48208325
38.198	0.0535	-0.3895	1	1	0.464083249999999
38.25	0.0365	-0.416	1	1	0.443140249999999
38.299	0.021	-0.4555	1	1	0.421788499999999
38.349	0.006	-0.4835	1	1	0.398313499999997
38.4	-0.0075	-0.5265	1	1	0.3725585
38.449	-0.021	-0.557	1	1	0.346012749999996
38.499	-0.034	-0.603	1	1	0.317012749999998
38.548	-0.047	-0.633	1	1	0.286730749999998
38.599	-0.061	-0.6735	1	1	0.253414999999997
38.65	-0.0745	-0.7005	1	1	0.218378000000001
38.699	-0.0885	-0.7425	1	1	0.183024499999996
38.749	-0.1035	-0.7685	1	1	0.145249499999998
38.8	-0.1195	-0.805	1	1	0.105125249999996
38.849	-0.136	-0.84	1	1	0.0648227499999968
38.899	-0.1535	-0.8545	1	1	0.0224602499999993
38.949	-0.172	-0.8645	1	1	-0.0205147500000044
38.999	-0.192	-0.892	1	1	-0.0644272500000019
39.049	-0.214	-0.898	1	1	-0.109177249999999
39.099	-0.236	-0.919	1	1	-0.154602250000003
39.149	-0.2595	-0.871	1	1	-0.199352250000001
39.199	-0.277	-0.7705	1	1	-0.240389750000004
39.25	-0.292	-0.651	1	1	-0.276638000000001
39.299	-0.303	-0.564	1	1	-0.3064055
39.35	-0.312	-0.4485	1	1	-0.332224250000001
39.399	-0.3185	-0.383	1	1	-0.352596000000001
39.45	-0.322	-0.2985	1	1	-0.369974250000002
39.499	-0.323	-0.232	1	1	-0.382971500000002
39.55	-0.322	-0.1615	1	1	-0.393005750000002
39.598	-0.319	-0.1025	1	1	-0.399341750000001
39.65	-0.314	-0.065	1	1	-0.403696750000001
39.699	-0.306	0.001	1	1	-0.405264750000001
39.75	-0.2945	0.038	1	1	-0.404270250000001
39.799	-0.281	0.0715	1	1	-0.401587500000001
39.849	-0.265	0.1155	1	1	-0.396912500000001
39.899	-0.2475	0.1225	1	1	-0.390962500000001
39.95	-0.2295	0.1615	1	1	-0.383720500000001
39.999	-0.2105	0.17	1	1	-0.375598750000001
40.05	-0.1915	0.188	1	1	-0.366469750000001
40.099	-0.1735	0.215	1	1	-0.356596250000001
40.149	-0.155	0.2515	1	1	-0.344933750000002
