U (V)	I (nA)
0.2	0.62
0.35	-0.06
0.65	-0.05
0.9	-0.03
1.15	-0.03
1.4	-0.03
1.65	-0.03
1.9	-0.02
2.15	-0.02
2.45	-0.02
2.7	0
2.95	0
3.2	0
3.45	0
3.7	0
3.95	0
4.25	0.02
4.5	0.02
4.75	0.02
5	0.03
5.25	0.03
5.5	0.05
5.8	0.05
6.05	0.05
6.3	0.06
6.55	0.06
6.8	0.06
7.1	0.08
7.35	0.08
7.6	0.09
7.85	0.09
8.1	0.11
8.4	0.12
8.65	0.12
8.9	0.14
9.15	0.14
9.45	0.15
9.65	0.17
9.95	0.18
10.2	0.2
10.45	0.21
10.7	0.23
11	0.24
11.25	0.26
11.5	0.27
11.75	0.3
12.05	0.32
12.3	0.35
12.55	0.36
12.8	0.39
13.05	0.42
13.35	0.45
13.6	0.47
13.85	0.5
14.15	0.53
14.4	0.56
14.65	0.59
14.9	0.62
15.2	0.65
15.45	0.69
15.7	0.72
15.95	0.75
16.2	0.8
16.5	0.83
16.75	0.87
17	0.9
17.25	0.93
17.55	0.98
17.8	0.98
18.05	0.93
18.3	0.84
18.6	0.75
18.85	0.69
19.1	0.62
19.35	0.56
19.65	0.5
19.9	0.42
20.15	0.38
20.45	0.36
20.7	0.35
20.95	0.35
21.2	0.35
21.5	0.36
21.75	0.39
22	0.44
22.25	0.53
22.5	0.74
22.8	0.98
23.05	1.17
23.3	1.34
23.6	1.47
23.85	1.59
24.1	1.74
24.35	1.91
24.65	2.09
24.9	2.25
25.2	2.42
25.45	2.57
25.7	2.72
25.95	2.87
26.2	3.02
26.5	3.15
26.75	3.29
27	3.42
27.25	3.56
27.55	3.69
27.8	3.83
28.05	3.95
28.35	4.05
28.6	4.14
28.85	4.25
29.1	4.34
29.4	4.41
29.65	4.5
29.9	4.58
30.2	4.64
30.45	4.71
30.7	4.77
30.95	4.83
31.25	4.89
31.5	4.94
31.75	4.98
32	5.03
32.3	5.07
32.55	5.13
32.8	5.18
33.1	5.22
33.35	5.25
33.6	5.3
33.85	5.33
34.15	5.37
34.4	5.4
34.65	5.39
34.95	5.27
35.2	5.04
35.45	4.79
35.7	4.59
36	4.43
36.25	4.26
36.5	4.1
36.8	3.9
37.05	3.69
37.3	3.51
37.55	3.36
37.85	3.26
38.1	3.15
38.35	3.05
38.6	2.97
38.9	3
39.15	3.15
39.4	3.33
39.7	3.47
39.95	3.54
40.2	3.62
40.5	3.68
40.75	3.8
41	4.01
41.25	4.25
41.55	4.47
41.8	4.65
42.05	4.83
42.3	5.04
42.6	5.27
42.85	5.51
43.1	5.75
43.4	6
43.65	6.26
43.9	6.5
44.2	6.77
44.45	7.04
44.7	7.31
44.95	7.56
45.25	7.83
45.5	8.09
45.75	8.34
46.05	8.6
46.3	8.85
46.55	9.11
46.8	9.36
47.1	9.6
47.35	9.84
47.6	10.1
47.9	10.34
48.15	10.56
48.4	10.79
48.65	11.01
48.95	11.24
49.2	11.48
49.45	11.7
49.7	11.93
50	12.14
50.25	12.33
50.5	12.54
50.8	12.72
51.05	12.75
51.3	12.75
51.55	12.75
51.8	12.75
52.05	12.75
52.35	12.75
52.6	12.75
52.85	12.75
53.15	12.75
53.4	12.75
53.65	12.75
53.95	12.75
54.2	12.75
54.45	12.75
54.7	12.75
54.95	12.75
55.25	12.75
55.5	12.75
55.75	12.75
56.05	12.75
56.3	12.75
56.55	12.75
56.8	12.75
57.1	12.75
57.35	12.75
57.6	12.75
57.85	12.75
58.15	12.75
58.4	12.75
58.65	12.75
58.9	12.75
59.2	12.75
59.45	12.75
59.7	12.75
59.95	12.75
60.25	12.75
60.5	12.75
60.75	12.75
61	12.75
61.3	12.75
61.55	12.75
61.8	12.75
62.1	12.75
62.35	12.75
62.6	12.75
62.85	12.75
63.15	12.75
63.4	12.75
63.65	12.75
63.9	12.75
64.2	12.75
64.45	12.75
64.7	12.75
64.95	12.75
65.25	12.75
65.5	12.75
65.75	12.75
66	12.75
66.3	12.75
66.55	12.75
66.8	12.75
67.05	12.75
67.3	12.75
67.6	12.75
67.85	12.75
68.1	12.75
68.35	12.75
68.65	12.75
68.9	12.75
69.15	12.75
69.4	12.75
69.7	12.75
69.95	12.75
70.2	12.75
70.5	12.75
70.75	12.75
71	12.75
71.25	12.75
71.5	12.75
71.8	12.75
72.05	12.75
72.3	12.75
72.55	12.75
72.8	12.75
73.1	12.75
73.35	12.75
73.6	12.75
73.85	12.75
74.15	12.75
74.4	12.75
74.65	12.75
74.9	12.75
75.2	12.75
75.45	12.75
75.7	12.75
75.95	12.75
76.2	12.75
76.5	12.75
76.75	12.75
77	12.75
77.25	12.75
77.5	12.75
77.8	12.75
78.05	12.75
78.3	12.75
78.55	12.75
78.65	12.75
78.65	12.75
78.65	12.75
78.65	12.75
78.65	12.75
78.65	12.75
78.65	12.75
78.65	12.75
78.65	12.75
78.65	12.75
78.65	12.75
78.65	12.75
78.65	12.75
78.65	12.75
78.65	12.75
78.65	12.75
78.65	12.75
78.65	12.75
78.65	12.75
78.65	12.75
78.65	12.75
78.65	12.75
78.65	12.75
78.65	12.75
78.65	12.75
78.65	12.75
78.65	12.75
78.65	12.75
78.65	12.75
78.65	12.75
78.65	12.75
78.65	12.75
78.65	12.75
78.65	12.75
78.65	12.75
78.65	12.75
78.65	12.75
78.65	12.75
78.65	12.75
78.65	12.75
78.65	12.75
78.65	12.75
78.65	12.75
78.65	12.75
78.65	12.75
78.65	12.75
78.65	12.75
78.65	12.75
78.65	12.75
78.65	12.75
78.65	12.75
78.65	12.75
78.65	12.75
78.65	12.75
78.65	12.75
78.65	12.75
78.65	12.75
78.65	12.75
78.65	12.75
78.65	12.75
78.65	12.75
78.65	12.75
78.65	12.75
78.65	12.75
78.65	12.75
78.65	12.75
78.65	12.75
78.65	12.75
78.65	12.75
78.65	12.75
78.65	12.75
78.65	12.75
78.65	12.75
78.65	12.75
78.65	12.75
78.65	12.75
78.65	12.75
78.65	12.75
78.65	12.75
78.65	12.75
78.65	12.75
78.65	12.75
78.65	12.75
78.65	12.75
78.65	12.75
78.65	12.75
78.65	12.75
78.65	12.75
78.65	12.75
78.65	12.75
78.65	12.75
78.65	12.75
78.65	12.75
78.65	12.75
78.65	12.75
78.65	12.75
78.65	12.75
78.65	12.75
78.65	12.75
78.65	12.75
78.65	12.75
