MIN=0	-1	-1	0	0	-2
MAX=56.5685424949238	1	1	1	1	2
SCALE=56.5685424949238	0.5	0.5	0.5	0.5	1
DEC=2	3	3	0	0	2
DEF="Time" t / s	"Current" I_A1 / A	"Voltage" U_B1 / V	"Relay" R_1	"Voltage source" S_1	"Magnetic flux" &F / Vs
0	0.001	-0.0015	0	1	0
0.048	0.002	0.0755	1	1	0.001776
0.097	0.006	0.1325	1	1	0.006872
0.148	0.0115	0.185	1	1	0.01496825
0.198	0.018	0.237	1	1	0.02551825
0.248	0.0255	0.2855	1	1	0.0385807500000001
0.297	0.0335	0.335	1	1	0.053783
0.348	0.0415	0.383	1	1	0.0720919999999999
0.397	0.0495	0.4295	1	1	0.0919982500000001
0.446	0.0585	0.4795	1	1	0.11426875
0.497	0.067	0.528	1	1	0.13996
0.548	0.076	0.5725	1	1	0.16802275
0.598	0.0855	0.617	1	1	0.19776025
0.647	0.096	0.6575	1	1	0.2289855
0.697	0.1075	0.6945	1	1	0.2627855
0.747	0.12	0.735	1	1	0.298523
0.797	0.133	0.7665	1	1	0.3360605
0.847	0.146	0.804	1	1	0.375323
0.897	0.158	0.842	1	1	0.416473
0.947	0.1715	0.8755	1	1	0.4594105
0.998	0.1865	0.903	1	1	0.50476225
1.047	0.2035	0.931	1	1	0.54969525
1.097	0.2235	0.937	1	1	0.59639525
1.148	0.247	0.917	1	1	0.64367225
1.198	0.2715	0.789	1	1	0.68632225
1.248	0.2965	0.6505	1	1	0.72230975
1.297	0.3205	0.5195	1	1	0.75097475
1.348	0.344	0.392	1	1	0.774218
1.397	0.363	0.2735	1	1	0.79052275
1.448	0.378	0.1735	1	1	0.80192125
1.498	0.3865	0.084	1	1	0.80835875
1.548	0.39	0.016	1	1	0.81085875
1.598	0.3855	-0.0325	1	1	0.81044625
1.647	0.3725	-0.052	1	1	0.808376
1.697	0.3555	-0.082	1	1	0.805026
1.747	0.3375	-0.0935	1	1	0.8006385
1.798	0.318	-0.1195	1	1	0.795207
1.848	0.2985	-0.135	1	1	0.7888445
1.898	0.279	-0.158	1	1	0.7815195
1.948	0.2605	-0.171	1	1	0.7732945
1.997	0.2425	-0.201	1	1	0.7641805
2.048	0.225	-0.229	1	1	0.7532155
2.098	0.2085	-0.255	1	1	0.7411155
2.147	0.1935	-0.2715	1	1	0.72821625
2.197	0.1785	-0.332	1	1	0.71312875
2.247	0.164	-0.3415	1	1	0.69629125
2.298	0.1505	-0.377	1	1	0.6779695
2.347	0.1375	-0.417	1	1	0.6585165
2.398	0.125	-0.456	1	1	0.636255
2.447	0.113	-0.4935	1	1	0.61299225
2.498	0.1005	-0.54	1	1	0.586638
2.548	0.0895	-0.5725	1	1	0.5588255
2.598	0.078	-0.614	1	1	0.529163
2.648	0.067	-0.648	1	1	0.497613
2.698	0.056	-0.6975	1	1	0.463975499999999
2.747	0.046	-0.739	1	1	0.42878125
2.798	0.036	-0.784	1	1	0.38994475
2.847	0.0265	-0.8235	1	1	0.350560999999999
2.898	0.017	-0.874	1	1	0.30727475
2.948	0.0075	-0.921	1	1	0.262399749999999
2.997	-0.001	-0.9645	1	1	0.216205
3.047	-0.0105	-1.0065	1	1	0.16693
3.098	-0.0205	-1.0235	1	1	0.115165
3.148	-0.031	-1.0235	1	1	0.0639899999999999
3.197	-0.042	-1.0235	1	1	0.0138384999999995
3.247	-0.054	-1.0235	1	1	-0.0373365000000003
3.297	-0.067	-1.0235	1	1	-0.0885115000000001
3.348	-0.081	-1.0235	1	1	-0.14071
3.399	-0.0955	-1.0235	1	1	-0.1929085
3.447	-0.11	-1.0235	1	1	-0.2420365
3.498	-0.1255	-1.0235	1	1	-0.294235000000001
3.548	-0.14	-1.0235	1	1	-0.34541
3.597	-0.153	-1.0095	1	1	-0.395218500000001
3.647	-0.165	-0.8975	1	1	-0.442893500000001
3.698	-0.1765	-0.803	1	1	-0.486256250000001
3.747	-0.1875	-0.699	1	1	-0.52305525
3.797	-0.1975	-0.605	1	1	-0.55565525
3.848	-0.2075	-0.5055	1	1	-0.583973
3.897	-0.216	-0.413	1	1	-0.60647625
3.948	-0.2235	-0.3265	1	1	-0.625333500000001
3.997	-0.2295	-0.2405	1	1	-0.639225
4.047	-0.234	-0.163	1	1	-0.6493125
4.097	-0.237	-0.0975	1	1	-0.655825
4.148	-0.238	-0.0155	1	1	-0.6587065
4.198	-0.235	0.0315	1	1	-0.6583065
4.248	-0.2255	0.0765	1	1	-0.6556065
4.297	-0.214	0.1015	1	1	-0.6512455
4.347	-0.201	0.147	1	1	-0.645033
4.398	-0.1865	0.179	1	1	-0.636720000000001
4.447	-0.173	0.21	1	1	-0.6271895
4.497	-0.1585	0.2335	1	1	-0.616102
4.547	-0.145	0.2785	1	1	-0.603302000000001
4.598	-0.1315	0.314	1	1	-0.588193250000001
4.647	-0.1195	0.3495	1	1	-0.5719375
4.697	-0.107	0.378	1	1	-0.553750000000001
4.748	-0.0955	0.4275	1	1	-0.53320975
4.798	-0.084	0.469	1	1	-0.510797250000001
4.848	-0.0735	0.5105	1	1	-0.486309750000001
4.898	-0.063	0.5515	1	1	-0.459759750000001
4.948	-0.0525	0.5985	1	1	-0.43100975
4.997	-0.043	0.64	1	1	-0.400666500000001
5.047	-0.0335	0.6885	1	1	-0.367454000000001
5.097	-0.024	0.7265	1	1	-0.332079
5.148	-0.0145	0.778	1	1	-0.293714250000001
5.198	-0.005	0.8215	1	1	-0.25372675
5.248	0.0035	0.8705	1	1	-0.21142675
5.297	0.0125	0.9135	1	1	-0.167718750000001
5.348	0.022	0.96	1	1	-0.119944500000001
5.398	0.0315	1.002	1	1	-0.0708945000000009
5.448	0.042	1.0235	1	1	-0.0202570000000002
5.497	0.0525	1.0235	1	1	0.0298944999999993
5.547	0.064	1.0235	1	1	0.0810694999999991
5.598	0.0765	1.0235	1	1	0.133267999999999
5.647	0.0885	1.0235	1	1	0.1834195
5.698	0.1025	1.0235	1	1	0.235618
5.748	0.116	1.0235	1	1	0.286793
5.797	0.13	1.0235	1	1	0.336944499999999
5.847	0.144	1.0235	1	1	0.3881195
5.897	0.158	1.0095	1	1	0.4389445
5.947	0.172	0.908	1	1	0.486881999999999
5.997	0.1865	0.79	1	1	0.529331999999999
6.048	0.2015	0.6825	1	1	0.566880749999999
6.097	0.215	0.5745	1	1	0.597677249999999
6.148	0.2275	0.476	1	1	0.624464999999999
6.198	0.2385	0.3725	1	1	0.645677499999999
6.249	0.2475	0.286	1	1	0.66246925
6.297	0.2545	0.1955	1	1	0.67402525
6.347	0.259	0.127	1	1	0.682087749999999
6.398	0.2615	0.04	1	1	0.686346249999999
6.446	0.261	-0.0095	1	1	0.687078249999999
6.496	0.2535	-0.061	1	1	0.685315749999999
6.547	0.241	-0.085	1	1	0.681592749999999
6.597	0.227	-0.126	1	1	0.67631775
6.647	0.2125	-0.1465	1	1	0.669505249999999
6.698	0.197	-0.1865	1	1	0.661013749999999
6.747	0.182	-0.2065	1	1	0.651385249999999
6.797	0.1675	-0.2485	1	1	0.640010249999999
6.848	0.153	-0.2765	1	1	0.626622749999999
6.897	0.14	-0.317	1	1	0.612081999999999
6.948	0.127	-0.347	1	1	0.595149999999999
6.997	0.1145	-0.389	1	1	0.577118
7.048	0.103	-0.4195	1	1	0.55650125
7.097	0.091	-0.469	1	1	0.534733
7.147	0.08	-0.501	1	1	0.510482999999999
7.197	0.0695	-0.552	1	1	0.484158
7.246	0.0595	-0.5835	1	1	0.456338249999999
7.297	0.0485	-0.639	1	1	0.425164499999999
7.348	0.039	-0.684	1	1	0.391427999999999
7.398	0.03	-0.729	1	1	0.356103
7.448	0.0205	-0.7725	1	1	0.318565499999999
7.498	0.0115	-0.822	1	1	0.278703
7.547	0.0025	-0.8655	1	1	0.237359249999999
7.598	-0.006	-0.9145	1	1	0.191969249999999
7.648	-0.015	-0.96	1	1	0.14510675
7.698	-0.0245	-1.0055	1	1	0.0959692499999991
7.747	-0.034	-1.0235	1	1	0.0462587499999996
7.798	-0.0455	-1.0235	1	1	-0.00593975000000052
7.847	-0.057	-1.0235	1	1	-0.05609125
7.898	-0.0695	-1.0235	1	1	-0.10828975
7.948	-0.0825	-1.0235	1	1	-0.159464750000001
7.998	-0.096	-1.0235	1	1	-0.21063975
8.048	-0.1105	-1.0235	1	1	-0.261814750000001
8.097	-0.1255	-1.0235	1	1	-0.31196625
8.147	-0.1405	-1.0235	1	1	-0.363141250000001
8.199	-0.155	-1.0235	1	1	-0.41636325
8.247	-0.168	-0.93	1	1	-0.46324725
8.297	-0.1805	-0.83	1	1	-0.507247250000001
8.348	-0.1935	-0.7185	1	1	-0.546734000000001
8.398	-0.2065	-0.613	1	1	-0.5800215
8.447	-0.218	-0.5155	1	1	-0.60766975
8.498	-0.2285	-0.4155	1	1	-0.63141025
8.547	-0.2365	-0.329	1	1	-0.649650500000001
8.597	-0.2435	-0.251	1	1	-0.6641505
8.649	-0.2485	-0.1605	1	1	-0.674849500000001
8.697	-0.2515	-0.0945	1	1	-0.6809695
8.748	-0.2525	-0.015	1	1	-0.683761750000001
8.797	-0.2495	0.023	1	1	-0.683565750000001
8.848	-0.24	0.075	1	1	-0.681066750000001
8.898	-0.227	0.108	1	1	-0.676491750000001
8.948	-0.2135	0.141	1	1	-0.670266750000001
8.998	-0.199	0.1645	1	1	-0.662629250000001
9.047	-0.1845	0.203	1	1	-0.653625500000001
9.098	-0.169	0.237	1	1	-0.642405500000001
9.147	-0.156	0.269	1	1	-0.630008500000001
9.197	-0.1425	0.2965	1	1	-0.615871000000001
9.248	-0.1295	0.337	1	1	-0.599716750000001
9.298	-0.117	0.368	1	1	-0.582091750000001
9.347	-0.105	0.413	1	1	-0.562957250000001
9.397	-0.0935	0.443	1	1	-0.541557250000001
9.446	-0.0825	0.4975	1	1	-0.518515000000001
9.498	-0.0715	0.53	1	1	-0.491800000000001
9.547	-0.061	0.5815	1	1	-0.46456825
9.598	-0.0505	0.618	1	1	-0.433981
9.648	-0.041	0.6675	1	1	-0.401843500000001
9.698	-0.031	0.7075	1	1	-0.3674685
9.748	-0.0215	0.7585	1	1	-0.330818500000001
9.796	-0.0125	0.8045	1	1	-0.293306500000001
9.848	-0.003	0.8505	1	1	-0.2502765
9.898	0.0055	0.8955	1	1	-0.206626500000001
9.948	0.015	0.941	1	1	-0.160714
9.998	0.024	0.983	1	1	-0.112614000000001
10.047	0.0335	1.0235	1	1	-0.06345475
10.098	0.0445	1.0235	1	1	-0.0112562499999998
10.147	0.0555	1.0235	1	1	0.0388952499999997
10.197	0.067	1.024	1	1	0.0900827499999986
10.248	0.08	1.0235	1	1	0.142293999999999
10.298	0.093	1.0235	1	1	0.193469
10.348	0.1065	1.0235	1	1	0.244644
10.397	0.1205	1.0235	1	1	0.2947955
10.448	0.135	1.0235	1	1	0.346994
10.498	0.1485	1.0235	1	1	0.398168999999999
10.548	0.162	0.9635	1	1	0.447843999999999
10.597	0.176	0.856	1	1	0.492421749999999
10.648	0.1905	0.747	1	1	0.533298249999999
10.697	0.204	0.641	1	1	0.567304249999999
10.748	0.2175	0.544	1	1	0.597521749999999
10.797	0.2285	0.436	1	1	0.621531749999999
10.847	0.239	0.338	1	1	0.640881749999999
10.898	0.247	0.252	1	1	0.655926749999999
10.948	0.2535	0.1765	1	1	0.666639249999999
10.998	0.257	0.0895	1	1	0.673289249999999
11.048	0.2585	0.027	1	1	0.676201749999999
11.098	0.256	-0.035	1	1	0.676001749999999
11.147	0.2465	-0.0595	1	1	0.673686499999999
11.197	0.234	-0.106	1	1	0.669548999999999
11.247	0.2195	-0.1385	1	1	0.663436499999999
11.297	0.2045	-0.169	1	1	0.655748999999999
11.347	0.19	-0.1845	1	1	0.646911499999999
11.398	0.1745	-0.229	1	1	0.636367249999999
11.447	0.16	-0.2535	1	1	0.624545999999999
11.498	0.146	-0.2965	1	1	0.610520999999999
11.548	0.133	-0.3245	1	1	0.594995999999999
11.598	0.1205	-0.3665	1	1	0.577720999999999
11.647	0.1085	-0.393	1	1	0.559113249999999
11.698	0.0965	-0.445	1	1	0.537744249999999
11.748	0.0855	-0.4785	1	1	0.514656749999999
11.797	0.075	-0.529	1	1	0.489972999999999
11.848	0.064	-0.564	1	1	0.462101499999999
11.898	0.054	-0.6155	1	1	0.432613999999999
11.947	0.044	-0.647	1	1	0.40168275
11.997	0.0345	-0.703	1	1	0.367932749999999
12.048	0.025	-0.7475	1	1	0.330944999999999
12.098	0.0155	-0.795	1	1	0.292382499999998
12.148	0.0065	-0.8365	1	1	0.251594999999999
12.197	-0.0015	-0.8875	1	1	0.209357
12.248	-0.0105	-0.9305	1	1	0.162998
12.298	-0.0195	-0.9795	1	1	0.115247999999999
12.348	-0.0295	-1.022	1	1	0.0652104999999983
12.398	-0.0395	-1.0235	1	1	0.0140729999999993
12.448	-0.051	-1.0235	1	1	-0.0371020000000014
12.498	-0.063	-1.0235	1	1	-0.0882770000000003
12.548	-0.0755	-1.0235	1	1	-0.139452000000001
12.598	-0.089	-1.0235	1	1	-0.190627000000002
12.647	-0.103	-1.0235	1	1	-0.240778500000001
12.697	-0.1175	-1.0235	1	1	-0.2919535
12.747	-0.135	-1.0235	1	1	-0.343128500000001
12.798	-0.147	-1.0235	1	1	-0.395327000000001
12.847	-0.16	-0.987	1	1	-0.444584250000001
12.898	-0.174	-0.889	1	1	-0.492422250000001
12.948	-0.187	-0.7735	1	1	-0.533984750000001
12.998	-0.2005	-0.669	1	1	-0.570047250000001
13.048	-0.213	-0.5655	1	1	-0.600909750000001
13.098	-0.2245	-0.4615	1	1	-0.626584750000001
13.148	-0.234	-0.3725	1	1	-0.647434750000001
13.197	-0.2415	-0.3005	1	1	-0.663923250000001
13.247	-0.248	-0.199	1	1	-0.676410750000001
13.298	-0.252	-0.131	1	1	-0.684825750000001
13.348	-0.2545	-0.0475	1	1	-0.689288250000001
13.398	-0.254	0.006	1	1	-0.690325750000001
13.448	-0.247	0.0575	1	1	-0.688738250000001
13.497	-0.236	0.0775	1	1	-0.685430750000001
13.548	-0.2225	0.125	1	1	-0.680267000000001
13.597	-0.208	0.1535	1	1	-0.673443750000001
13.648	-0.193	0.1875	1	1	-0.664748250000001
13.697	-0.1785	0.205	1	1	-0.655132000000001
13.748	-0.164	0.251	1	1	-0.643504000000001
13.797	-0.1505	0.2715	1	1	-0.630702750000001
13.847	-0.137	0.32	1	1	-0.615915250000001
13.897	-0.1245	0.341	1	1	-0.599390250000001
13.948	-0.112	0.393	1	1	-0.580673250000001
13.998	-0.1	0.4235	1	1	-0.56026075
14.048	-0.0885	0.4725	1	1	-0.537860750000002
14.098	-0.0775	0.5125	1	1	-0.513235750000001
14.148	-0.067	0.556	1	1	-0.486523250000001
14.197	-0.0565	0.593	1	1	-0.458372750000001
14.246	-0.047	0.646	1	1	-0.428017250000001
14.298	-0.0365	0.681	1	1	-0.393515250000002
14.348	-0.027	0.7335	1	1	-0.358152750000001
14.397	-0.0175	0.774	1	1	-0.321219000000002
14.448	-0.0085	0.8265	1	1	-0.28040625
14.497	0	0.8615	1	1	-0.23905025
14.548	0.0095	0.917	1	1	-0.193698500000002
14.598	0.019	0.961	1	1	-0.146748500000001
14.648	0.028	1.011	1	1	-0.0974485000000005
14.699	0.0385	1.0235	1	1	-0.0455687499999986
14.747	0.049	1.0235	1	1	0.00355924999999967
14.798	0.061	1.0235	1	1	0.055757749999998
14.848	0.073	1.0235	1	1	0.106932749999999
14.898	0.0855	1.0235	1	1	0.158107749999999
14.947	0.0985	1.0235	1	1	0.208259249999999
14.998	0.1135	1.0235	1	1	0.260457750000001
15.048	0.1275	1.0235	1	1	0.311632749999998
15.098	0.1415	1.0235	1	1	0.362807749999999
15.148	0.155	1.0235	1	1	0.41398275
15.197	0.1685	0.9165	1	1	0.461512749999999
15.248	0.1825	0.815	1	1	0.505666000000001
15.298	0.197	0.6975	1	1	0.543478499999999
15.348	0.2105	0.5925	1	1	0.575728499999999
15.398	0.223	0.49	1	1	0.602790999999999
15.448	0.2335	0.402	1	1	0.625091
15.497	0.2425	0.3005	1	1	0.64230225
15.547	0.25	0.2295	1	1	0.65555225
15.598	0.2555	0.133	1	1	0.664795999999999
15.649	0.258	0.059	1	1	0.669692
15.698	0.2585	-0.009	1	1	0.670917
15.748	0.2525	-0.0505	1	1	0.6694295
15.798	0.2405	-0.0875	1	1	0.6659795
15.848	0.227	-0.1125	1	1	0.6609795
15.898	0.2125	-0.1515	1	1	0.6543795
15.947	0.198	-0.168	1	1	0.64655175
15.997	0.183	-0.2125	1	1	0.63703925
16.047	0.1685	-0.231	1	1	0.625951749999999
16.098	0.154	-0.2765	1	1	0.6130105
16.148	0.1405	-0.3035	1	1	0.5985105
16.198	0.1275	-0.3455	1	1	0.582285499999999
16.247	0.1155	-0.3715	1	1	0.564719
16.297	0.103	-0.4225	1	1	0.544868999999999
16.347	0.092	-0.457	1	1	0.522881499999999
16.398	0.0805	-0.5045	1	1	0.49836325
16.447	0.07	-0.5355	1	1	0.47288325
16.498	0.0595	-0.589	1	1	0.444208499999999
16.548	0.049	-0.6325	1	1	0.413671000000001
16.598	0.0395	-0.6775	1	1	0.380921
16.648	0.03	-0.722	1	1	0.3459335
16.697	0.021	-0.771	1	1	0.309355
16.748	0.012	-0.812	1	1	0.268988499999999
16.798	0.0025	-0.861	1	1	0.227163500000001
16.847	-0.0055	-0.905	1	1	0.183896499999998
16.899	-0.015	-0.9535	1	1	0.135575499999999
16.948	-0.024	-0.996	1	1	0.0878127499999992
16.997	-0.0335	-1.0235	1	1	0.0383349999999998
17.047	-0.0445	-1.0235	1	1	-0.012840000000001
17.097	-0.056	-1.0235	1	1	-0.0640150000000017
17.147	-0.0685	-1.0235	1	1	-0.115189999999999
17.197	-0.0815	-1.0235	1	1	-0.166365
17.248	-0.095	-1.0235	1	1	-0.218563500000002
17.298	-0.109	-1.0235	1	1	-0.269738499999999
17.348	-0.124	-1.0235	1	1	-0.320913499999999
17.398	-0.139	-1.0235	1	1	-0.3720885
17.447	-0.1525	-1.0235	1	1	-0.42224
17.497	-0.166	-0.9395	1	1	-0.471315
17.548	-0.1795	-0.8325	1	1	-0.516500999999999
17.596	-0.193	-0.747	1	1	-0.554409
17.647	-0.206	-0.6215	1	1	-0.589305749999999
17.697	-0.218	-0.5285	1	1	-0.61805575
17.747	-0.229	-0.4235	1	1	-0.64185575
17.797	-0.238	-0.346	1	1	-0.66109325
17.847	-0.2455	-0.2445	1	1	-0.67585575
17.898	-0.2505	-0.1625	1	1	-0.68623425
17.947	-0.254	-0.0855	1	1	-0.69231025
17.997	-0.2555	-0.024	1	1	-0.69504775
18.047	-0.2525	0.0355	1	1	-0.69476025
18.097	-0.2425	0.0735	1	1	-0.69203525
18.147	-0.2305	0.1095	1	1	-0.68746025
18.199	-0.216	0.1385	1	1	-0.68101225
18.247	-0.202	0.1715	1	1	-0.67357225
18.298	-0.1865	0.194	1	1	-0.664252
18.348	-0.172	0.2335	1	1	-0.6535645
18.398	-0.158	0.2585	1	1	-0.6412645
18.448	-0.144	0.3005	1	1	-0.6272895
18.499	-0.131	0.334	1	1	-0.61110975
18.548	-0.1185	0.3725	1	1	-0.593800500000001
18.598	-0.1065	0.404	1	1	-0.574388
18.65	-0.094	0.4535	1	1	-0.552093
18.698	-0.0835	0.485	1	1	-0.529569
18.748	-0.0725	0.5325	1	1	-0.504131499999999
18.797	-0.062	0.571	1	1	-0.477095749999999
18.848	-0.052	0.6205	1	1	-0.4467125
18.898	-0.042	0.6585	1	1	-0.4147375
18.948	-0.032	0.7075	1	1	-0.3805875
18.997	-0.023	0.7445	1	1	-0.3450135
19.047	-0.014	0.8015	1	1	-0.306363499999999
19.098	-0.0045	0.843	1	1	-0.264428750000001
19.148	0.0045	0.891	1	1	-0.22107875
19.199	0.014	0.9365	1	1	-0.174477499999998
19.247	0.0225	0.9815	1	1	-0.1284455
19.298	0.0325	1.022	1	1	-0.0773562500000016
19.348	0.043	1.0235	1	1	-0.0262187500000008
19.398	0.0545	1.0235	1	1	0.0249562499999999
19.448	0.066	1.0235	1	1	0.0761312500000006
19.497	0.0785	1.024	1	1	0.126295
19.548	0.0915	1.0235	1	1	0.178506249999998
19.597	0.105	1.0235	1	1	0.228657750000002
19.647	0.119	1.0235	1	1	0.279832749999999
19.697	0.134	1.024	1	1	0.331020249999999
19.748	0.1475	1.0235	1	1	0.383231500000001
19.798	0.1615	0.9695	1	1	0.433056499999999
19.848	0.175	0.866	1	1	0.478943999999999
19.9	0.1895	0.7575	1	1	0.521154999999999
19.947	0.2025	0.663	1	1	0.554536749999999
19.998	0.216	0.547	1	1	0.585391750000001
20.048	0.2275	0.46	1	1	0.610566749999999
20.097	0.239	0.3415	1	1	0.6302035
20.147	0.246	0.2675	1	1	0.6454285
20.198	0.253	0.176	1	1	0.65673775
20.247	0.2565	0.111	1	1	0.66376925
20.298	0.2585	0.0245	1	1	0.6672245
20.348	0.2565	-0.0295	1	1	0.6670995
20.398	0.2475	-0.0695	1	1	0.6646245
20.448	0.235	-0.096	1	1	0.660487
20.498	0.221	-0.1345	1	1	0.6547245
20.548	0.2065	-0.158	1	1	0.647412
20.597	0.191	-0.1945	1	1	0.638775749999999
20.647	0.1765	-0.214	1	1	0.62856325
20.698	0.1615	-0.258	1	1	0.61652725
20.748	0.1475	-0.286	1	1	0.602927249999999
20.797	0.135	-0.329	1	1	0.58785975
20.848	0.122	-0.365	1	1	0.57016275
20.897	0.11	-0.401	1	1	0.55139575
20.948	0.098	-0.4405	1	1	0.5299375
20.998	0.0865	-0.4815	1	1	0.506887499999999
21.05	0.0755	-0.5225	1	1	0.480783499999999
21.097	0.065	-0.566	1	1	0.455203749999999
21.148	0.055	-0.599	1	1	0.42549625
21.196	0.0455	-0.6565	1	1	0.395364249999999
21.247	0.0355	-0.689	1	1	0.361054
21.297	0.026	-0.743	1	1	0.325253999999999
21.35	0.016	-0.79	1	1	0.284629499999999
21.398	0.0075	-0.8355	1	1	0.2456175
21.448	-0.0005	-0.8785	1	1	0.2027675
21.497	-0.0095	-0.9275	1	1	0.1585205
21.548	-0.019	-0.9705	1	1	0.110121500000002
21.598	-0.0285	-1.018	1	1	0.0604090000000009
21.647	-0.0385	-1.0235	1	1	0.0103922500000015
21.697	-0.0495	-1.0235	1	1	-0.0407827499999993
21.748	-0.0615	-1.0235	1	1	-0.0929812500000013
21.798	-0.0745	-1.0235	1	1	-0.144156249999998
21.848	-0.0875	-1.0235	1	1	-0.195331249999999
21.898	-0.1015	-1.0235	1	1	-0.24650625
21.948	-0.1155	-1.0235	1	1	-0.297681250000001
21.997	-0.13	-1.0235	1	1	-0.34783275
22.047	-0.1445	-1.0235	1	1	-0.399007750000001
22.098	-0.159	-0.996	1	1	-0.450504999999999
22.148	-0.172	-0.892	1	1	-0.497705
22.198	-0.186	-0.7835	1	1	-0.5395925
22.248	-0.199	-0.679	1	1	-0.576155000000001
22.298	-0.212	-0.584	1	1	-0.607729999999999
22.347	-0.2235	-0.4755	1	1	-0.633687750000001
22.397	-0.2335	-0.395	1	1	-0.65545025
22.447	-0.242	-0.2895	1	1	-0.67256275
22.496	-0.2485	-0.2135	1	1	-0.68488625
22.547	-0.253	-0.1275	1	1	-0.69358175
22.598	-0.255	-0.0605	1	1	-0.69837575
22.648	-0.2555	0.012	1	1	-0.69958825
22.697	-0.249	0.042	1	1	-0.69826525
22.747	-0.238	0.0915	1	1	-0.69492775
22.798	-0.224	0.116	1	1	-0.6896365
22.847	-0.21	0.155	1	1	-0.682997
22.897	-0.195	0.1725	1	1	-0.6748095
22.948	-0.18	0.2155	1	1	-0.6649155
22.998	-0.166	0.236	1	1	-0.653627999999999
23.047	-0.152	0.283	1	1	-0.6409125
23.097	-0.1385	0.309	1	1	-0.626112499999999
23.147	-0.1255	0.352	1	1	-0.6095875
23.197	-0.1135	0.377	1	1	-0.5913625
23.247	-0.1015	0.428	1	1	-0.5712375
23.298	-0.09	0.462	1	1	-0.5485425
23.348	-0.079	0.51	1	1	-0.5242425
23.398	-0.068	0.546	1	1	-0.4978425
23.448	-0.0575	0.595	1	1	-0.469317499999999
23.498	-0.0475	0.634	1	1	-0.438592499999999
23.548	-0.0375	0.682	1	1	-0.405692500000001
23.598	-0.028	0.718	1	1	-0.3706925
23.647	-0.0185	0.777	1	1	-0.334065000000001
23.698	-0.0095	0.8175	1	1	-0.293405249999999
23.747	-0.0005	0.867	1	1	-0.252135
23.797	0.0085	0.909	1	1	-0.207734999999999
23.848	0.0175	0.957	1	1	-0.160152
23.898	0.0275	1.001	1	1	-0.111202
23.948	0.0375	1.0235	1	1	-0.0605894999999991
23.998	0.048	1.0235	1	1	-0.00941449999999835
24.046	0.059	1.0235	1	1	0.0397134999999999
24.097	0.0715	1.0235	1	1	0.0919120000000019
24.147	0.084	1.0235	1	1	0.143086999999999
24.198	0.0975	1.024	1	1	0.195298250000001
24.247	0.111	1.0235	1	1	0.245462
24.298	0.126	1.024	1	1	0.297673249999999
24.348	0.14	1.0235	1	1	0.34886075
24.398	0.154	1.0235	1	1	0.40003575
24.448	0.167	0.9315	1	1	0.448910750000001
24.498	0.1815	0.818	1	1	0.492648250000002
24.548	0.1955	0.7165	1	1	0.531010749999999
24.597	0.209	0.604	1	1	0.563363000000001
24.648	0.2215	0.4995	1	1	0.59150225
24.697	0.2325	0.404	1	1	0.613638
24.748	0.242	0.3175	1	1	0.632036250000001
24.798	0.2495	0.221	1	1	0.64549875
24.848	0.255	0.148	1	1	0.65472375
24.897	0.258	0.064	1	1	0.65991775
24.948	0.259	0.003	1	1	0.66162625
24.998	0.253	-0.048	1	1	0.66050125
25.048	0.242	-0.0775	1	1	0.65736375
25.098	0.229	-0.117	1	1	0.65250125
25.147	0.2145	-0.1405	1	1	0.6461925
25.197	0.1995	-0.1785	1	1	0.6382175
25.247	0.1845	-0.196	1	1	0.628855
25.298	0.1695	-0.24	1	1	0.617737000000001
25.348	0.156	-0.262	1	1	0.605187
25.397	0.142	-0.309	1	1	0.5911975
25.447	0.129	-0.331	1	1	0.5751975
25.498	0.116	-0.38	1	1	0.557067
25.548	0.1045	-0.4125	1	1	0.537254500000001
25.597	0.093	-0.459	1	1	0.515902749999999
25.648	0.0815	-0.495	1	1	0.49157575
25.697	0.071	-0.542	1	1	0.46616925
25.748	0.0605	-0.584	1	1	0.437456249999999
25.798	0.05	-0.628	1	1	0.407156250000001
25.847	0.041	-0.663	1	1	0.375526749999999
25.898	0.031	-0.718	1	1	0.34031125
25.948	0.0215	-0.761	1	1	0.30333625
25.997	0.0125	-0.81	1	1	0.26484675
26.048	0.0035	-0.8535	1	1	0.222427500000001
26.097	-0.0045	-0.9025	1	1	0.179405499999999
26.147	-0.0135	-0.941	1	1	0.133318000000001
26.198	-0.023	-0.992	1	1	0.0840264999999994
26.248	-0.033	-1.0235	1	1	0.0336389999999987
26.298	-0.0435	-1.0235	1	1	-0.0175359999999984
26.348	-0.055	-1.0235	1	1	-0.0687109999999991
26.398	-0.067	-1.0235	1	1	-0.119886
26.447	-0.08	-1.0235	1	1	-0.170037499999999
26.498	-0.0935	-1.0235	1	1	-0.222236000000001
26.548	-0.1075	-1.0235	1	1	-0.273410999999998
26.598	-0.122	-1.0235	1	1	-0.324585999999999
26.648	-0.137	-1.0235	1	1	-0.375761
26.698	-0.151	-1.0235	1	1	-0.426936000000001
26.748	-0.1645	-0.953	1	1	-0.476348500000001
26.798	-0.178	-0.8505	1	1	-0.521435999999999
26.848	-0.192	-0.737	1	1	-0.561123499999999
26.897	-0.205	-0.6465	1	1	-0.595019249999999
26.948	-0.2175	-0.528	1	1	-0.624969
26.999	-0.2285	-0.432	1	1	-0.649448999999999
27.048	-0.238	-0.3395	1	1	-0.668350749999999
27.098	-0.2455	-0.251	1	1	-0.683113249999999
27.147	-0.251	-0.1695	1	1	-0.693415499999999
27.197	-0.2545	-0.119	1	1	-0.700627999999999
27.248	-0.256	-0.0205	1	1	-0.704185249999999
27.297	-0.2535	0.0195	1	1	-0.704209749999999
27.348	-0.244	0.071	1	1	-0.701901999999999
27.398	-0.2305	0.1055	1	1	-0.697489499999999
27.448	-0.218	0.1365	1	1	-0.691439499999999
27.497	-0.2035	0.1555	1	1	-0.684285499999999
27.548	-0.1885	0.1995	1	1	-0.675233
27.597	-0.1745	0.211	1	1	-0.665175749999999
27.647	-0.1595	0.263	1	1	-0.65332575
27.697	-0.146	0.2855	1	1	-0.63961325
27.748	-0.1325	0.333	1	1	-0.623841499999999
27.798	-0.12	0.3565	1	1	-0.606604
27.848	-0.108	0.4165	1	1	-0.587279
27.897	-0.096	0.434	1	1	-0.56644175
27.948	-0.085	0.487	1	1	-0.542956249999999
27.997	-0.074	0.5175	1	1	-0.518345999999999
28.048	-0.063	0.5725	1	1	-0.490551
28.098	-0.053	0.6145	1	1	-0.460876
28.148	-0.043	0.6585	1	1	-0.429050999999999
28.198	-0.0335	0.6945	1	1	-0.395225999999999
28.247	-0.024	0.75	1	1	-0.359835749999999
28.297	-0.0145	0.7845	1	1	-0.321473249999999
28.348	-0.005	0.8505	1	1	-0.27978075
28.397	0.003	0.878	1	1	-0.2374325
28.448	0.0125	0.9305	1	1	-0.191315749999999
28.498	0.022	0.976	1	1	-0.143653249999998
28.548	0.0315	1.019	1	1	-0.0937782500000007
28.597	0.042	1.0235	1	1	-0.0437369999999976
28.646	0.0525	1.024	1	1	0.00642675000000186
28.697	0.065	1.0235	1	1	0.0586380000000002
28.747	0.077	1.0235	1	1	0.109813000000001
28.798	0.09	1.0235	1	1	0.162011499999999
28.848	0.1035	1.0235	1	1	0.2131865
28.898	0.1175	1.0235	1	1	0.264361500000001
28.948	0.132	1.0235	1	1	0.315536500000002
28.997	0.1455	1.0235	1	1	0.365688000000001
29.047	0.1595	0.9865	1	1	0.415938000000002
29.098	0.1735	0.879	1	1	0.46350825
29.148	0.1875	0.782	1	1	0.505033250000001
29.197	0.2015	0.6645	1	1	0.5404725
29.248	0.215	0.563	1	1	0.571773750000002
29.297	0.2265	0.4575	1	1	0.596776000000001
29.347	0.237	0.373	1	1	0.617538500000002
29.397	0.2455	0.2705	1	1	0.633626000000001
29.447	0.2525	0.182	1	1	0.644938500000001
29.498	0.2565	0.106	1	1	0.652282500000001
29.548	0.2585	0.0225	1	1	0.655495000000001
29.598	0.2575	-0.025	1	1	0.655432500000001
29.647	0.249	-0.054	1	1	0.653497000000001
29.697	0.237	-0.0995	1	1	0.649659500000001
29.747	0.223	-0.12	1	1	0.644172000000001
29.797	0.208	-0.162	1	1	0.637122000000001
29.847	0.193	-0.1745	1	1	0.6287095
29.898	0.1775	-0.2225	1	1	0.618586000000001
29.947	0.1635	-0.249	1	1	0.607034250000001
29.998	0.149	-0.2895	1	1	0.5933025
30.046	0.1365	-0.3085	1	1	0.5789505
30.098	0.123	-0.3585	1	1	0.5616085
30.148	0.111	-0.391	1	1	0.542871000000001
30.198	0.099	-0.4365	1	1	0.522183500000002
30.247	0.0885	-0.4635	1	1	0.500133499999999
30.298	0.077	-0.518	1	1	0.475105250000002
30.347	0.0665	-0.5615	1	1	0.448657500000002
30.397	0.056	-0.605	1	1	0.419494999999999
30.446	0.046	-0.645	1	1	0.38887
30.497	0.0365	-0.6925	1	1	0.354763749999998
30.548	0.027	-0.7345	1	1	0.318375250000002
30.598	0.0175	-0.7835	1	1	0.280425249999999
30.648	0.0085	-0.8295	1	1	0.240100250000001
30.698	0	-0.8765	1	1	0.197450250000004
30.748	-0.009	-0.9205	1	1	0.15252525
30.798	-0.018	-0.9685	1	1	0.105300250000002
30.848	-0.0275	-1.0105	1	1	0.0558252499999982
30.897	-0.0375	-1.0235	1	1	0.00599224999999876
30.948	-0.0485	-1.0235	1	1	-0.046206249999996
30.997	-0.06	-1.0235	1	1	-0.0963577500000027
31.048	-0.073	-1.0235	1	1	-0.148556249999997
31.098	-0.086	-1.0235	1	1	-0.199731250000002
31.148	-0.099	-1.0235	1	1	-0.250906249999999
31.197	-0.1135	-1.0235	1	1	-0.301057749999998
31.247	-0.1285	-1.0235	1	1	-0.352232750000003
31.297	-0.143	-1.0235	1	1	-0.40340775
31.347	-0.1565	-1.0135	1	1	-0.454332749999997
31.397	-0.1705	-0.911	1	1	-0.502445250000001
31.447	-0.184	-0.797	1	1	-0.545145249999999
31.497	-0.1975	-0.697	1	1	-0.582495250000002
31.547	-0.2105	-0.5865	1	1	-0.61458275
31.597	-0.2225	-0.499	1	1	-0.641720249999998
31.647	-0.2325	-0.3905	1	1	-0.66395775
31.698	-0.2415	-0.307	1	1	-0.681743999999999
31.748	-0.248	-0.2115	1	1	-0.6947065
31.797	-0.253	-0.147	1	1	-0.70348975
31.847	-0.2555	-0.059	1	1	-0.708639749999999
31.898	-0.2555	0.0005	1	1	-0.710131499999999
31.948	-0.25	0.066	1	1	-0.708468999999999
31.998	-0.239	0.0795	1	1	-0.704831499999999
32.048	-0.226	0.12	1	1	-0.699843999999999
32.097	-0.2115	0.1435	1	1	-0.69338825
32.147	-0.197	0.184	1	1	-0.685200749999998
32.198	-0.1815	0.212	1	1	-0.675102750000001
32.248	-0.1675	0.245	1	1	-0.663677749999998
32.297	-0.1535	0.271	1	1	-0.65103575
32.347	-0.1395	0.3125	1	1	-0.636448250000001
32.398	-0.127	0.347	1	1	-0.619631
32.447	-0.1145	0.385	1	1	-0.601696999999998
32.498	-0.1025	0.425	1	1	-0.581041999999997
32.549	-0.091	0.465	1	1	-0.558346999999996
32.597	-0.08	0.4905	1	1	-0.535415000000002
32.647	-0.069	0.5475	1	1	-0.509464999999996
32.698	-0.0585	0.5855	1	1	-0.480573500000003
32.747	-0.0485	0.6345	1	1	-0.450683499999999
32.798	-0.0385	0.674	1	1	-0.417316749999998
32.848	-0.029	0.7225	1	1	-0.38240425
32.898	-0.0195	0.7645	1	1	-0.345229250000002
32.948	-0.01	0.8225	1	1	-0.305554250000004
32.997	-0.001	0.859	1	1	-0.264357499999998
33.047	0.0075	0.9075	1	1	-0.220195000000001
33.098	0.0165	0.9505	1	1	-0.172815999999999
33.147	0.026	0.9985	1	1	-0.125065499999993
33.198	0.0365	1.0235	1	1	-0.0735045000000051
33.248	0.047	1.0235	1	1	-0.0223294999999935
33.298	0.058	1.0235	1	1	0.0288455000000036
33.347	0.07	1.0235	1	1	0.0789969999999958
33.397	0.0825	1.0235	1	1	0.130172000000007
33.448	0.096	1.024	1	1	0.182383249999995
33.498	0.11	1.024	1	1	0.233583250000007
33.548	0.1245	1.0235	1	1	0.284770750000004
33.597	0.1385	1.0235	1	1	0.334922249999996
33.648	0.152	1.0235	1	1	0.387120749999998
33.698	0.166	0.939	1	1	0.436183249999995
33.748	0.18	0.8255	1	1	0.480295750000005
33.798	0.194	0.7215	1	1	0.518970750000003
33.847	0.2075	0.626	1	1	0.551984499999998
33.897	0.2205	0.5115	1	1	0.580422000000004
33.947	0.2315	0.42	1	1	0.603709500000003
33.997	0.241	0.3185	1	1	0.622172000000002
34.047	0.249	0.245	1	1	0.636259500000001
34.098	0.2545	0.1495	1	1	0.646319250000001
34.148	0.2575	0.0805	1	1	0.652069250000001
34.198	0.259	0.002	1	1	0.654131750000001
34.247	0.2545	-0.0435	1	1	0.653115000000001
34.298	0.2435	-0.081	1	1	0.649940250000001
34.348	0.2305	-0.1075	1	1	0.645227750000001
34.398	0.216	-0.1445	1	1	0.638927750000001
34.448	0.201	-0.1675	1	1	0.631127750000002
34.497	0.186	-0.2045	1	1	0.622013750000001
34.548	0.1715	-0.2365	1	1	0.61076825
34.597	0.1575	-0.2695	1	1	0.598371250000002
34.647	0.1435	-0.293	1	1	0.584308749999999
34.697	0.1305	-0.34	1	1	0.56848375
34.748	0.1175	-0.3755	1	1	0.550238499999999
34.798	0.106	-0.4145	1	1	0.5304885
34.848	0.094	-0.4545	1	1	0.508763500000001
34.897	0.083	-0.4965	1	1	0.485463999999998
34.947	0.072	-0.533	1	1	0.4597265
34.997	0.0615	-0.58	1	1	0.431901500000001
35.048	0.0515	-0.613	1	1	0.40148
35.098	0.0415	-0.6685	1	1	0.369442500000002
35.147	0.0315	-0.715	1	1	0.335546749999997
35.198	0.0225	-0.7575	1	1	0.297998000000006
35.248	0.0135	-0.8015	1	1	0.259022999999998
35.297	0.0045	-0.85	1	1	0.218561250000004
35.348	-0.0035	-0.8885	1	1	0.174229500000002
35.398	-0.013	-0.9465	1	1	0.128354500000005
35.447	-0.022	-0.98	1	1	0.0811552499999984
35.497	-0.0315	-1.0235	1	1	0.0310677500000013
35.548	-0.0425	-1.0235	1	1	-0.0211307500000007
35.598	-0.0535	-1.0235	1	1	-0.0723057499999978
35.648	-0.066	-1.0235	1	1	-0.123480749999995
35.698	-0.0785	-1.0235	1	1	-0.174655749999992
35.748	-0.092	-1.0235	1	1	-0.225830750000004
35.798	-0.106	-1.0235	1	1	-0.277005750000001
35.847	-0.12	-1.0235	1	1	-0.327157249999993
35.898	-0.135	-1.0235	1	1	-0.379355749999995
35.948	-0.149	-1.0235	1	1	-0.430530749999992
35.997	-0.1625	-0.971	1	1	-0.479395999999999
36.048	-0.1765	-0.8535	1	1	-0.52592075
36.098	-0.1905	-0.756	1	1	-0.566158249999998
36.147	-0.204	-0.642	1	1	-0.600409250000003
36.198	-0.2165	-0.548	1	1	-0.630754249999995
36.248	-0.2275	-0.4415	1	1	-0.655491750000001
36.297	-0.237	-0.356	1	1	-0.675030499999998
36.348	-0.245	-0.259	1	1	-0.690712999999998
36.397	-0.251	-0.178	1	1	-0.7014195
36.447	-0.2545	-0.097	1	1	-0.708294499999999
36.497	-0.256	-0.036	1	1	-0.711619499999999
36.548	-0.2545	0.028	1	1	-0.711823499999999
36.598	-0.2455	0.0655	1	1	-0.709485999999999
36.647	-0.2335	0.1035	1	1	-0.705345499999999
36.698	-0.2195	0.126	1	1	-0.69949325
36.747	-0.205	0.1655	1	1	-0.692351499999999
36.798	-0.19	0.1875	1	1	-0.683349999999999
36.848	-0.1755	0.2265	1	1	-0.673
36.898	-0.161	0.2505	1	1	-0.661075
36.947	-0.1475	0.2935	1	1	-0.647746999999999
36.998	-0.134	0.327	1	1	-0.631924249999998
37.047	-0.1215	0.3645	1	1	-0.614982500000001
37.097	-0.1085	0.4045	1	1	-0.595757500000002
37.148	-0.0975	0.4415	1	1	-0.574184500000001
37.198	-0.086	0.4815	1	1	-0.551109500000002
37.247	-0.075	0.5255	1	1	-0.526437999999999
37.298	-0.0645	0.559	1	1	-0.498783249999998
37.348	-0.054	0.612	1	1	-0.469508249999999
37.398	-0.044	0.653	1	1	-0.437883250000001
37.447	-0.0345	0.7015	1	1	-0.404697999999997
37.497	-0.025	0.738	1	1	-0.368710499999999
37.547	-0.0155	0.794	1	1	-0.330410500000001
37.597	-0.0065	0.8265	1	1	-0.289898000000003
37.648	0.0025	0.882	1	1	-0.246331250000002
37.697	0.0115	0.922	1	1	-0.202133249999996
37.747	0.0205	0.973	1	1	-0.154758249999998
37.798	0.0305	1.014	1	1	-0.104089749999996
37.847	0.0405	1.0235	1	1	-0.0541710000000042
37.897	0.0515	1.0235	1	1	-0.0029959999999926
37.947	0.0635	1.0235	1	1	0.0481790000000045
37.998	0.076	1.024	1	1	0.100390250000006
38.048	0.0885	1.024	1	1	0.151590250000004
38.098	0.102	1.0235	1	1	0.202777750000001
38.148	0.116	1.0235	1	1	0.253952749999998
38.197	0.1305	1.0235	1	1	0.304104250000004
38.248	0.1445	1.0235	1	1	0.356302750000006
38.298	0.158	0.9995	1	1	0.406877750000004
38.348	0.172	0.8975	1	1	0.454302750000001
38.398	0.1865	0.781	1	1	0.496265249999998
38.448	0.2005	0.682	1	1	0.532840249999996
38.497	0.2135	0.5665	1	1	0.563428500000001
38.547	0.2255	0.4875	1	1	0.589778499999999
38.597	0.2365	0.3665	1	1	0.611128499999998
38.65	0.2455	0.2825	1	1	0.628327000000002
38.697	0.252	0.1925	1	1	0.639489500000001
38.748	0.2565	0.124	1	1	0.647560250000001
38.798	0.2585	0.038	1	1	0.651610250000001
38.848	0.258	-0.011	1	1	0.652285250000001
38.898	0.25	-0.063	1	1	0.650435250000001
38.947	0.238	-0.0865	1	1	0.646772500000001
38.997	0.224	-0.1285	1	1	0.641397500000001
39.047	0.209	-0.149	1	1	0.634460000000001
39.098	0.194	-0.1895	1	1	0.625828250000001
39.147	0.1795	-0.209	1	1	0.616065
39.197	0.165	-0.252	1	1	0.60454
39.248	0.1495	-0.285	1	1	0.5908465
39.298	0.1375	-0.3215	1	1	0.575684000000001
39.348	0.1245	-0.35	1	1	0.558896500000002
39.398	0.1125	-0.3935	1	1	0.540309000000003
39.448	0.1005	-0.423	1	1	0.519896500000004
39.498	0.0895	-0.476	1	1	0.497421499999999
39.547	0.0785	-0.5015	1	1	0.473472750000002
39.597	0.0675	-0.557	1	1	0.447010250000004
39.648	0.057	-0.591	1	1	0.417736250000003
39.697	0.047	-0.6445	1	1	0.387466499999999
39.748	0.037	-0.686	1	1	0.353538749999997
39.797	0.028	-0.735	1	1	0.318724250000003
39.85	0.018	-0.779	1	1	0.278603250000005
39.897	0.0095	-0.828	1	1	0.240838749999996
39.946	0.0005	-0.861	1	1	0.199458250000002
39.998	-0.008	-0.9185	1	1	0.153191249999996
40.047	-0.0165	-0.953	1	1	0.107339500000003
40.098	-0.0265	-1.0095	1	1	0.0572957500000015
40.148	-0.0365	-1.0235	1	1	0.0064707500000044
40.197	-0.0475	-1.0235	1	1	-0.0436807500000024
40.247	-0.059	-1.0235	1	1	-0.0948557499999994
40.297	-0.071	-1.0235	1	1	-0.146030749999997
40.348	-0.0845	-1.0235	1	1	-0.198229249999999
40.398	-0.098	-1.0235	1	1	-0.249404249999996
40.449	-0.1125	-1.0235	1	1	-0.301602749999998
40.498	-0.127	-1.0235	1	1	-0.351754250000004
40.548	-0.141	-1.0235	1	1	-0.402929250000001
40.597	-0.1555	-1.0235	1	1	-0.453080749999994
40.647	-0.1685	-0.914	1	1	-0.501518250000005
40.698	-0.183	-0.8205	1	1	-0.545747999999994
40.748	-0.1965	-0.6985	1	1	-0.583723000000003
40.798	-0.2095	-0.596	1	1	-0.616085500000001
40.848	-0.2215	-0.493	1	1	-0.643310499999999
40.898	-0.232	-0.4075	1	1	-0.665822999999998
40.948	-0.241	-0.3055	1	1	-0.683647999999997
40.998	-0.248	-0.2295	1	1	-0.697023
41.048	-0.253	-0.1385	1	1	-0.706222999999999
41.097	-0.2555	-0.094	1	1	-0.711919249999998
41.148	-0.256	0.004	1	1	-0.714214249999999
