MIN=0	-1	-1	0	0	-2
MAX=56.5685424949238	1	1	1	1	2
SCALE=56.5685424949238	0.5	0.5	0.5	0.5	1
DEC=2	3	3	0	0	2
DEF="Time" t / s	"Current" I_A1 / A	"Voltage" U_B1 / V	"Relay" R_1	"Voltage source" S_1	"Magnetic flux" &F / Vs
0	0.0005	-0.002	0	1	0
0.0489999999999999	0.001	0.051	1	1	0.0012005
0.0979999999999999	0.003	0.0865	1	1	0.00456924999999999
0.149	0.0055	0.1285	1	1	0.01005175
0.199	0.0085	0.15	1	1	0.01701425
0.249	0.0125	0.1915	1	1	0.02555175
0.298	0.016	0.2135	1	1	0.03547425
0.349	0.0205	0.2565	1	1	0.04745925
0.399	0.025	0.2755	1	1	0.06075925
0.449	0.03	0.3165	1	1	0.07555925
0.499	0.0345	0.341	1	1	0.09199675
0.549	0.0395	0.3755	1	1	0.10990925
0.599	0.0445	0.398	1	1	0.12924675
0.649	0.05	0.435	1	1	0.15007175
0.699	0.055	0.456	1	1	0.17234675
0.749	0.061	0.4965	1	1	0.19615925
0.798	0.0675	0.513	1	1	0.220892
0.849	0.0745	0.536	1	1	0.2476415
0.899	0.082	0.557	1	1	0.2749665
0.949	0.089	0.592	1	1	0.3036915
0.998	0.096	0.611	1	1	0.333165
1.048	0.1035	0.638	1	1	0.36439
1.099	0.112	0.65	1	1	0.397234
1.149	0.12	0.6015	1	1	0.4285215
1.198	0.1275	0.5385	1	1	0.4564515
1.249	0.1345	0.4795	1	1	0.4824105
1.299	0.141	0.407	1	1	0.504573
1.349	0.146	0.3605	1	1	0.5237605
1.398	0.1505	0.304	1	1	0.54004075
1.448	0.154	0.2515	1	1	0.55392825
1.498	0.1575	0.2015	1	1	0.56525325
1.549	0.16	0.1505	1	1	0.57422925
1.599	0.1615	0.1055	1	1	0.58062925
1.649	0.1625	0.0565	1	1	0.58467925
1.699	0.163	0.01	1	1	0.58634175
1.749	0.162	-0.0105	1	1	0.58632925
1.798	0.157	-0.0445	1	1	0.58498175
1.849	0.15	-0.0745	1	1	0.58194725
1.898	0.1425	-0.09	1	1	0.577917
1.949	0.134	-0.1055	1	1	0.57293175
1.999	0.126	-0.13	1	1	0.56704425
2.049	0.1165	-0.147	1	1	0.56011925
2.101	0.1075	-0.177	1	1	0.55169525
2.147	0.0995	-0.2015	1	1	0.54298975
2.198	0.0905	-0.2095	1	1	0.53250925
2.249	0.082	-0.237	1	1	0.5211235
2.299	0.0735	-0.2535	1	1	0.508861
2.349	0.0655	-0.2785	1	1	0.495561
2.399	0.058	-0.294	1	1	0.4812485
2.449	0.0505	-0.328	1	1	0.4656985
2.498	0.0435	-0.3415	1	1	0.44929575
2.549	0.036	-0.376	1	1	0.4309995
2.598	0.029	-0.3905	1	1	0.41222025
2.649	0.022	-0.4255	1	1	0.39141225
2.699	0.0155	-0.444	1	1	0.36967475
2.749	0.0095	-0.478	1	1	0.346624749999999
2.798	0.003	-0.4945	1	1	0.3227985
2.849	-0.0025	-0.5275	1	1	0.2967375
2.898	-0.008	-0.5515	1	1	0.270301999999999
2.949	-0.014	-0.581	1	1	0.24142325
2.998	-0.0195	-0.606	1	1	0.21234175
3.049	-0.0255	-0.6425	1	1	0.180505
3.098	-0.031	-0.6615	1	1	0.148557
3.149	-0.037	-0.6965	1	1	0.113928
3.199	-0.043	-0.7145	1	1	0.0786529999999999
3.248	-0.05	-0.74	1	1	0.0430177499999996
3.297	-0.057	-0.757	1	1	0.00634124999999933
3.349	-0.065	-0.772	1	1	-0.0334127500000004
3.398	-0.0725	-0.708	1	1	-0.0696727500000006
3.449	-0.079	-0.6495	1	1	-0.104289
3.499	-0.085	-0.5805	1	1	-0.135039000000001
3.549	-0.0905	-0.5365	1	1	-0.162964
3.599	-0.095	-0.471	1	1	-0.1881515
3.649	-0.099	-0.4265	1	1	-0.210589
3.698	-0.1025	-0.3655	1	1	-0.229993
3.748	-0.106	-0.3215	1	1	-0.247168
3.798	-0.109	-0.259	1	1	-0.2616805
3.849	-0.1115	-0.224	1	1	-0.273997
3.898	-0.113	-0.175	1	1	-0.2837725
3.949	-0.1145	-0.1275	1	1	-0.29148625
3.999	-0.116	-0.0825	1	1	-0.29673625
4.049	-0.1165	-0.0375	1	1	-0.29973625
4.099	-0.1165	0.0085	1	1	-0.30046125
4.148	-0.114	0.0345	1	1	-0.29940775
4.198	-0.109	0.066	1	1	-0.29689525
4.249	-0.1025	0.088	1	1	-0.29296825
4.298	-0.096	0.1105	1	1	-0.288105000000001
4.348	-0.0885	0.132	1	1	-0.282042500000001
4.399	-0.0805	0.158	1	1	-0.2746475
4.449	-0.073	0.179	1	1	-0.266222500000001
4.499	-0.065	0.2	1	1	-0.2567475
4.548	-0.0575	0.221	1	1	-0.246433000000001
4.598	-0.0495	0.2445	1	1	-0.234795500000001
4.649	-0.042	0.266	1	1	-0.221777750000001
4.699	-0.0345	0.2895	1	1	-0.207890250000001
4.748	-0.027	0.3145	1	1	-0.19309225
4.799	-0.02	0.3385	1	1	-0.17644075
4.848	-0.0135	0.3635	1	1	-0.159241750000001
4.898	-0.0065	0.39	1	1	-0.14040425
4.949	0	0.4165	1	1	-0.119838500000001
4.998	0.0055	0.4425	1	1	-0.0987930000000004
5.049	0.012	0.4715	1	1	-0.0754860000000004
5.098	0.0175	0.498	1	1	-0.0517332500000006
5.149	0.0235	0.527	1	1	-0.0255957500000005
5.199	0.029	0.555	1	1	0.00145424999999938
5.249	0.0345	0.5815	1	1	0.0298667499999998
5.299	0.04	0.6115	1	1	0.0596917499999997
5.349	0.046	0.64	1	1	0.0909792499999996
5.398	0.0515	0.666	1	1	0.12297625
5.449	0.058	0.689	1	1	0.157528749999999
5.498	0.064	0.7195	1	1	0.192037
5.549	0.0715	0.7435	1	1	0.2293435
5.598	0.0785	0.7275	1	1	0.265382999999999
5.649	0.086	0.663	1	1	0.300840749999999
5.699	0.093	0.6035	1	1	0.332503249999999
5.749	0.1	0.5395	1	1	0.36107825
5.798	0.106	0.4835	1	1	0.386141749999999
5.849	0.112	0.421	1	1	0.4092065
5.898	0.117	0.3685	1	1	0.42854925
5.949	0.122	0.31	1	1	0.445850999999999
5.999	0.126	0.261	1	1	0.460126
6.049	0.1295	0.206	1	1	0.471801
6.098	0.132	0.1575	1	1	0.480706749999999
6.149	0.134	0.1075	1	1	0.487464249999999
6.198	0.135	0.0695	1	1	0.491800749999999
6.249	0.136	0.0195	1	1	0.494070249999999
6.299	0.135	-0.0185	1	1	0.494095249999999
6.349	0.131	-0.046	1	1	0.492482749999999
6.398	0.1245	-0.071	1	1	0.489616249999999
6.449	0.1175	-0.105	1	1	0.485128249999999
6.498	0.11	-0.1095	1	1	0.479872999999999
6.549	0.1015	-0.1375	1	1	0.473574499999999
6.598	0.0935	-0.1515	1	1	0.466493999999999
6.649	0.085	-0.1795	1	1	0.458053499999999
6.7	0.0765	-0.1985	1	1	0.448414499999999
6.748	0.0685	-0.2205	1	1	0.438358499999999
6.798	0.0605	-0.234	1	1	0.426995999999999
6.848	0.0525	-0.2645	1	1	0.4145335
6.899	0.045	-0.2785	1	1	0.400687
6.949	0.0375	-0.3105	1	1	0.385961999999999
6.999	0.0305	-0.3325	1	1	0.369887
7.049	0.0235	-0.3595	1	1	0.352586999999999
7.098	0.0165	-0.384	1	1	0.33437125
7.149	0.01	-0.411	1	1	0.314098749999999
7.198	0.004	-0.4285	1	1	0.293531
7.248	-0.0015	-0.4695	1	1	0.271080999999999
7.299	-0.008	-0.489	1	1	0.246639249999999
7.348	-0.0135	-0.5215	1	1	0.221882
7.398	-0.019	-0.545	1	1	0.195219499999999
7.449	-0.0245	-0.578	1	1	0.166582999999999
7.499	-0.03	-0.6015	1	1	0.1370955
7.549	-0.0355	-0.64	1	1	0.106057999999999
7.598	-0.041	-0.6545	1	1	0.0743427499999997
7.649	-0.0475	-0.6925	1	1	0.0399942499999995
7.698	-0.054	-0.7045	1	1	0.0057677499999999
7.749	-0.061	-0.7375	1	1	-0.0310032500000002
7.797	-0.068	-0.756	1	1	-0.0668472500000002
7.849	-0.0755	-0.7275	1	1	-0.10541825
7.899	-0.0825	-0.6545	1	1	-0.13996825
7.949	-0.089	-0.607	1	1	-0.171505750000001
7.999	-0.0955	-0.535	1	1	-0.20005575
8.049	-0.101	-0.49	1	1	-0.22568075
8.099	-0.106	-0.4215	1	1	-0.24846825
8.148	-0.1105	-0.3815	1	1	-0.26814175
8.198	-0.1145	-0.3155	1	1	-0.28556675
8.249	-0.1175	-0.277	1	1	-0.3006755
8.298	-0.1205	-0.22	1	1	-0.312852
8.348	-0.1225	-0.181	1	1	-0.322877
8.399	-0.124	-0.1185	1	1	-0.33051425
8.449	-0.125	-0.09	1	1	-0.33572675
8.498	-0.1255	-0.037	1	1	-0.33883825
8.549	-0.1255	-0.0045	1	1	-0.3398965
8.598	-0.1225	0.0405	1	1	-0.3390145
8.648	-0.1175	0.056	1	1	-0.336602
8.698	-0.111	0.089	1	1	-0.332977
8.749	-0.1035	0.0995	1	1	-0.32817025
8.798	-0.096	0.1375	1	1	-0.32236375
8.849	-0.088	0.1525	1	1	-0.31496875
8.899	-0.08	0.1805	1	1	-0.30664375
8.948	-0.072	0.1955	1	1	-0.29743175
8.998	-0.064	0.218	1	1	-0.28709425
9.048	-0.056	0.241	1	1	-0.27561925
9.098	-0.0485	0.262	1	1	-0.26304425
9.149	-0.0405	0.278	1	1	-0.24927425
9.198	-0.0335	0.3045	1	1	-0.235003
9.249	-0.026	0.3285	1	1	-0.2188615
9.298	-0.019	0.3635	1	1	-0.2019075
9.348	-0.0125	0.387	1	1	-0.183145
9.398	-0.006	0.409	1	1	-0.163245
9.448	0	0.4415	1	1	-0.1419825
9.498	0.006	0.4615	1	1	-0.1194075
9.548	0.012	0.4895	1	1	-0.0956324999999996
9.598	0.018	0.5165	1	1	-0.0704825000000001
9.649	0.0235	0.5475	1	1	-0.0433505
9.699	0.029	0.5725	1	1	-0.0153504999999996
9.749	0.0345	0.6045	1	1	0.0140744999999997
9.798	0.04	0.627	1	1	0.0442462500000005
9.849	0.046	0.6615	1	1	0.0771029999999995
9.898	0.052	0.6835	1	1	0.1100555
9.949	0.058	0.7155	1	1	0.14573
9.998	0.065	0.7335	1	1	0.1812305
10.049	0.072	0.764	1	1	0.21941675
10.099	0.0795	0.6965	1	1	0.255929249999999
10.148	0.0865	0.6305	1	1	0.28844075
10.198	0.093	0.572	1	1	0.31850325
10.248	0.0995	0.524	1	1	0.34590325
10.299	0.1055	0.453	1	1	0.37081675
10.349	0.111	0.3975	1	1	0.39207925
10.399	0.116	0.342	1	1	0.41056675
10.449	0.1205	0.295	1	1	0.42649175
10.498	0.124	0.2305	1	1	0.4393665
10.549	0.1275	0.192	1	1	0.45014025
10.599	0.1295	0.134	1	1	0.45829025
10.649	0.1315	0.092	1	1	0.46394025
10.699	0.1325	0.0395	1	1	0.46722775
10.749	0.1325	0.0075	1	1	0.46840275
10.798	0.131	-0.037	1	1	0.46768
10.848	0.126	-0.0515	1	1	0.4654675
10.898	0.1195	-0.0875	1	1	0.4619925
10.949	0.112	-0.0985	1	1	0.4572495
10.998	0.1045	-0.131	1	1	0.45162675
11.049	0.096	-0.1425	1	1	0.4446525
11.098	0.088	-0.1725	1	1	0.436935
11.149	0.0795	-0.1905	1	1	0.4276785
11.199	0.0715	-0.214	1	1	0.417566
11.249	0.063	-0.2235	1	1	0.4066285
11.299	0.0555	-0.2555	1	1	0.3946535
11.348	0.0475	-0.2705	1	1	0.3817665
11.398	0.04	-0.3005	1	1	0.3674915
11.449	0.0325	-0.315	1	1	0.35179625
11.498	0.0255	-0.346	1	1	0.33560175
11.549	0.0185	-0.3665	1	1	0.317433
11.598	0.012	-0.3955	1	1	0.298764
11.649	0.0055	-0.415	1	1	0.27809625
11.698	0	-0.447	1	1	0.25697725
11.749	-0.006	-0.4685	1	1	0.233632
11.798	-0.012	-0.5015	1	1	0.209867
11.849	-0.0175	-0.524	1	1	0.183716750000001
11.899	-0.023	-0.5585	1	1	0.15665425
11.949	-0.0285	-0.5815	1	1	0.12815425
11.998	-0.034	-0.615	1	1	0.0988400000000001
12.049	-0.04	-0.637	1	1	0.066914
12.098	-0.0455	-0.669	1	1	0.0349170000000003
12.149	-0.052	-0.69	1	1	0.0002625000000002
12.199	-0.0585	-0.7225	1	1	-0.0350500000000003
12.249	-0.0655	-0.745	1	1	-0.0717374999999995
12.298	-0.073	-0.746	1	1	-0.108267
12.348	-0.08	-0.6845	1	1	-0.1440295
12.398	-0.087	-0.624	1	1	-0.176742
12.449	-0.0935	-0.5565	1	1	-0.20684475
12.498	-0.099	-0.5075	1	1	-0.23291275
12.549	-0.105	-0.4405	1	1	-0.25708675
12.598	-0.11	-0.3915	1	1	-0.27747075
12.649	-0.1145	-0.331	1	1	-0.2958945
12.698	-0.118	-0.2855	1	1	-0.31099875
12.749	-0.1215	-0.2415	1	1	-0.32443725
12.798	-0.124	-0.187	1	1	-0.3349355
12.848	-0.126	-0.1395	1	1	-0.343098
12.898	-0.127	-0.092	1	1	-0.3488855
12.949	-0.128	-0.036	1	1	-0.3521495
12.999	-0.128	-0.0035	1	1	-0.353137
13.049	-0.1265	0.032	1	1	-0.3524245
13.097	-0.1215	0.0535	1	1	-0.3503725
13.148	-0.115	0.08	1	1	-0.34696825
13.198	-0.1085	0.102	1	1	-0.34241825
13.249	-0.1005	0.1275	1	1	-0.336566
13.298	-0.093	0.147	1	1	-0.32984075
13.349	-0.0845	0.1765	1	1	-0.3215915
13.399	-0.0765	0.1905	1	1	-0.3124165
13.449	-0.068	0.217	1	1	-0.302229
13.499	-0.0605	0.2315	1	1	-0.2910165
13.549	-0.0525	0.2535	1	1	-0.2788915
13.599	-0.045	0.2765	1	1	-0.2656415
13.649	-0.037	0.3005	1	1	-0.2512165
13.698	-0.03	0.3245	1	1	-0.235904
13.749	-0.0225	0.353	1	1	-0.21862775
13.798	-0.016	0.3735	1	1	-0.2008285
13.849	-0.009	0.401	1	1	-0.18107875
13.898	-0.003	0.4245	1	1	-0.160854
13.949	0.003	0.453	1	1	-0.13847775
13.998	0.009	0.4785	1	1	-0.115656
14.049	0.015	0.509	1	1	-0.0904747499999999
14.098	0.0205	0.5355	1	1	-0.0648845000000001
14.149	0.026	0.5655	1	1	-0.036809
14.198	0.0315	0.593	1	1	-0.00842575000000033
14.249	0.037	0.6225	1	1	0.0225694999999998
14.299	0.0425	0.6495	1	1	0.0543695000000002
14.348	0.0485	0.6775	1	1	0.0868809999999999
14.398	0.0545	0.704	1	1	0.1214185
14.449	0.0615	0.7285	1	1	0.15794725
14.499	0.068	0.7535	1	1	0.19499725
14.549	0.0755	0.732	1	1	0.23213475
14.597	0.0825	0.671	1	1	0.26580675
14.649	0.0895	0.608	1	1	0.29906075
14.698	0.096	0.548	1	1	0.32738275
14.749	0.1025	0.4875	1	1	0.353788000000001
14.799	0.108	0.43	1	1	0.376725499999999
14.849	0.1135	0.3735	1	1	0.396813
14.898	0.118	0.318	1	1	0.413754749999999
14.949	0.122	0.2645	1	1	0.4286085
14.998	0.1255	0.212	1	1	0.44028275
15.048	0.128	0.1735	1	1	0.44992025
15.099	0.13	0.116	1	1	0.4573025
15.148	0.1315	0.0755	1	1	0.46199425
15.198	0.1325	0.0255	1	1	0.46451925
15.249	0.132	-0.0125	1	1	0.46485075
15.298	0.128	-0.0415	1	1	0.46352775
15.349	0.122	-0.067	1	1	0.460761
15.398	0.1155	-0.093	1	1	0.456841
15.449	0.108	-0.1135	1	1	0.45157525
15.498	0.1	-0.1355	1	1	0.44547475
15.548	0.092	-0.1495	1	1	0.43834975
15.598	0.083	-0.177	1	1	0.43018725
15.649	0.075	-0.195	1	1	0.42070125
15.699	0.067	-0.2185	1	1	0.41036375
15.749	0.059	-0.2395	1	1	0.39891375
15.799	0.051	-0.263	1	1	0.38635125
15.848	0.0435	-0.283	1	1	0.372974249999999
15.899	0.036	-0.3095	1	1	0.3578655
15.949	0.0285	-0.331	1	1	0.341853
15.998	0.022	-0.3575	1	1	0.32498475
16.049	0.015	-0.3815	1	1	0.30614025
16.098	0.008	-0.4085	1	1	0.286785249999999
16.149	0.0015	-0.4345	1	1	0.265288749999999
16.198	-0.0035	-0.467	1	1	0.243202
16.249	-0.0095	-0.4885	1	1	0.218836749999999
16.298	-0.0155	-0.523	1	1	0.194054999999999
16.348	-0.021	-0.539	1	1	0.167504999999999
16.397	-0.026	-0.58	1	1	0.140089499999999
16.448	-0.0315	-0.6005	1	1	0.10998675
16.498	-0.0375	-0.638	1	1	0.0790242499999994
16.548	-0.043	-0.6575	1	1	0.0466367499999989
16.598	-0.049	-0.6905	1	1	0.0129367499999984
16.649	-0.0555	-0.708	1	1	-0.0227250000000004
16.7	-0.0625	-0.7355	1	1	-0.0595342499999993
16.749	-0.0695	-0.7575	1	1	-0.0961127500000016
16.798	-0.0765	-0.7235	1	1	-0.132397250000001
16.848	-0.084	-0.6495	1	1	-0.166722250000002
16.898	-0.0905	-0.6025	1	1	-0.19802225
16.949	-0.097	-0.5285	1	1	-0.226862750000001
16.999	-0.1025	-0.4815	1	1	-0.252112750000001
17.049	-0.108	-0.413	1	1	-0.27447525
17.1	-0.113	-0.365	1	1	-0.294314250000001
17.149	-0.117	-0.3055	1	1	-0.310741500000001
17.198	-0.1205	-0.268	1	1	-0.324792250000001
17.248	-0.1235	-0.2025	1	1	-0.336554750000001
17.298	-0.126	-0.1625	1	1	-0.345679750000001
17.349	-0.1275	-0.1075	1	1	-0.352564750000001
17.399	-0.1285	-0.078	1	1	-0.357202250000001
17.449	-0.129	-0.0185	1	1	-0.359614750000001
17.498	-0.1285	0.0055	1	1	-0.359933250000001
17.549	-0.1245	0.046	1	1	-0.358620000000001
17.598	-0.119	0.0585	1	1	-0.356059750000001
17.649	-0.1115	0.0975	1	1	-0.352081750000001
17.698	-0.1045	0.1055	1	1	-0.347108250000001
17.749	-0.0965	0.142	1	1	-0.340797000000001
17.798	-0.0885	0.1505	1	1	-0.333630750000001
17.848	-0.0805	0.183	1	1	-0.325293250000001
17.899	-0.072	0.189	1	1	-0.315807250000001
17.949	-0.064	0.227	1	1	-0.305407250000001
17.998	-0.0565	0.249	1	1	-0.293745250000001
18.049	-0.0485	0.2705	1	1	-0.280498000000001
18.099	-0.041	0.2865	1	1	-0.266573000000001
18.149	-0.0335	0.318	1	1	-0.251460500000001
18.198	-0.0265	0.337	1	1	-0.235413000000001
18.248	-0.0195	0.3625	1	1	-0.217925500000001
18.298	-0.0125	0.3875	1	1	-0.1991755
18.349	-0.006	0.4195	1	1	-0.178597000000001
18.398	0	0.4415	1	1	-0.157502500000001
18.448	0.006	0.467	1	1	-0.134790000000001
18.498	0.012	0.497	1	1	-0.110690000000001
18.548	0.0175	0.5305	1	1	-0.0850025000000003
18.598	0.0235	0.5535	1	1	-0.0579025
18.648	0.029	0.5785	1	1	-0.0296025000000016
18.698	0.034	0.6045	1	1	-2.75000000011377E-05
18.749	0.04	0.6455	1	1	0.0318475000000001
18.798	0.0455	0.6705	1	1	0.0640894999999997
18.849	0.0515	0.6945	1	1	0.0988969999999986
18.899	0.058	0.716	1	1	0.134159499999999
18.949	0.0645	0.7515	1	1	0.170847
18.999	0.072	0.7655	1	1	0.208772
19.049	0.0795	0.701	1	1	0.245434499999998
19.099	0.0865	0.6305	1	1	0.278721999999999
19.149	0.093	0.571	1	1	0.308759499999999
19.199	0.0995	0.5155	1	1	0.335921999999999
19.249	0.1055	0.4565	1	1	0.360222
19.298	0.111	0.3995	1	1	0.381193999999999
19.349	0.116	0.3505	1	1	0.400318999999999
19.399	0.12	0.294	1	1	0.416431499999999
19.449	0.124	0.235	1	1	0.429656499999999
19.499	0.127	0.188	1	1	0.4402315
19.549	0.1295	0.145	1	1	0.448556499999999
19.598	0.131	0.0955	1	1	0.454448749999999
19.648	0.132	0.038	1	1	0.457786249999999
19.699	0.1325	0.0045	1	1	0.458869999999999
19.749	0.1305	-0.037	1	1	0.458057499999999
19.8	0.125	-0.058	1	1	0.455634999999999
19.849	0.1185	-0.0755	1	1	0.452364249999999
19.899	0.1115	-0.1005	1	1	0.447964249999999
19.952	0.103	-0.122	1	1	0.442067999999999
19.998	0.096	-0.143	1	1	0.435972999999999
20.048	0.0875	-0.175	1	1	0.428022999999999
20.098	0.079	-0.1835	1	1	0.419060499999999
20.148	0.071	-0.215	1	1	0.409098
20.199	0.063	-0.225	1	1	0.397877999999999
20.247	0.055	-0.2515	1	1	0.386442
20.299	0.047	-0.2695	1	1	0.372896
20.349	0.0395	-0.2985	1	1	0.358695999999999
20.398	0.032	-0.3175	1	1	0.343604
20.449	0.025	-0.348	1	1	0.326633749999999
20.498	0.018	-0.367	1	1	0.309116249999999
20.549	0.011	-0.393	1	1	0.28973625
20.598	0.005	-0.4185	1	1	0.269854499999999
20.648	-0.0005	-0.4465	1	1	0.2482295
20.699	-0.007	-0.472	1	1	0.224807749999999
20.748	-0.013	-0.5065	1	1	0.200834499999999
20.798	-0.018	-0.525	1	1	0.175046999999999
20.849	-0.024	-0.565	1	1	0.147252
20.898	-0.0295	-0.5845	1	1	0.11908925
20.949	-0.035	-0.621	1	1	0.0883489999999987
20.999	-0.0405	-0.641	1	1	0.0567989999999983
21.048	-0.0465	-0.675	1	1	0.0245569999999986
21.098	-0.0525	-0.694	1	1	-0.00966800000000186
21.149	-0.059	-0.727	1	1	-0.0459035000000007
21.198	-0.066	-0.7385	1	1	-0.0818082500000003
21.249	-0.0735	-0.744	1	1	-0.119612000000002
21.299	-0.0805	-0.672	1	1	-0.155012
21.349	-0.0875	-0.619	1	1	-0.187287
21.398	-0.094	-0.5575	1	1	-0.21611125
21.448	-0.1	-0.4995	1	1	-0.24253625
21.498	-0.1055	-0.4345	1	1	-0.265886250000001
21.549	-0.111	-0.385	1	1	-0.2867835
21.598	-0.115	-0.331	1	1	-0.304325500000001
21.647	-0.119	-0.281	1	1	-0.319319500000001
21.699	-0.1225	-0.22	1	1	-0.332345500000001
21.749	-0.1255	-0.1785	1	1	-0.342308000000001
21.799	-0.1275	-0.1305	1	1	-0.350033
21.849	-0.1285	-0.087	1	1	-0.355470500000001
21.898	-0.1295	-0.0405	1	1	-0.358594250000001
21.949	-0.1295	0.0015	1	1	-0.359588750000001
21.998	-0.127	0.0325	1	1	-0.358755750000001
22.048	-0.122	0.059	1	1	-0.356468250000001
22.098	-0.1155	0.0835	1	1	-0.352905750000001
22.148	-0.108	0.107	1	1	-0.348143250000001
22.199	-0.1005	0.1335	1	1	-0.342010500000001
22.249	-0.0925	0.151	1	1	-0.334898000000001
22.299	-0.0845	0.171	1	1	-0.326848000000001
22.348	-0.0765	0.192	1	1	-0.3179545
22.399	-0.068	0.212	1	1	-0.307652500000001
22.448	-0.06	0.2345	1	1	-0.296713250000001
22.499	-0.052	0.257	1	1	-0.28418
22.549	-0.0445	0.2805	1	1	-0.270742500000001
22.599	-0.037	0.3085	1	1	-0.256017500000001
22.649	-0.03	0.3275	1	1	-0.240117500000001
22.698	-0.023	0.3505	1	1	-0.223506500000001
22.748	-0.0155	0.3755	1	1	-0.205356500000001
22.798	-0.009	0.411	1	1	-0.185694
22.849	-0.0025	0.429	1	1	-0.164274000000001
22.899	0.003	0.4555	1	1	-0.142161500000001
22.949	0.009	0.483	1	1	-0.118699
22.998	0.015	0.5115	1	1	-0.0943337500000006
23.049	0.0205	0.5385	1	1	-0.0675587500000015
23.098	0.026	0.5675	1	1	-0.0404617499999998
23.149	0.032	0.5955	1	1	-0.0108052500000007
23.198	0.037	0.6245	1	1	0.019084749999999
23.249	0.043	0.653	1	1	0.0516610000000002
23.298	0.0485	0.679	1	1	0.0842949999999999
23.348	0.0545	0.707	1	1	0.118945
23.398	0.0615	0.732	1	1	0.154919999999998
23.448	0.0685	0.7545	1	1	0.192082499999999
23.498	0.076	0.73	1	1	0.229194999999999
23.549	0.083	0.665	1	1	0.264767499999998
23.598	0.09	0.6045	1	1	0.29587025
23.649	0.0965	0.543	1	1	0.325131499999999
23.699	0.103	0.484	1	1	0.3508065
23.749	0.1085	0.425	1	1	0.3735315
23.799	0.114	0.3685	1	1	0.393368999999999
23.849	0.1185	0.3135	1	1	0.410418999999999
23.898	0.1225	0.2635	1	1	0.424555499999999
23.949	0.126	0.2095	1	1	0.436616999999999
23.998	0.1285	0.163	1	1	0.445743249999999
24.049	0.1305	0.1125	1	1	0.452768499999999
24.098	0.132	0.0705	1	1	0.457251999999999
24.149	0.1325	0.023	1	1	0.459636249999999
24.198	0.132	-0.015	1	1	0.459832249999999
24.249	0.128	-0.0435	1	1	0.458340499999999
24.297	0.122	-0.064	1	1	0.455760499999999
24.348	0.115	-0.093	1	1	0.451756999999999
24.399	0.1075	-0.114	1	1	0.446478499999999
24.449	0.0995	-0.137	1	1	0.440203499999999
24.498	0.0915	-0.1515	1	1	0.433135249999999
24.549	0.083	-0.1785	1	1	0.424720249999999
24.598	0.0745	-0.1965	1	1	0.415532749999999
24.649	0.0665	-0.219	1	1	0.404937499999999
24.698	0.0585	-0.2345	1	1	0.393826749999999
24.749	0.0505	-0.264	1	1	0.381114999999999
24.798	0.043	-0.2845	1	1	0.367676749999999
24.849	0.0355	-0.3105	1	1	0.352504249999999
24.899	0.0285	-0.3275	1	1	0.336554249999999
24.949	0.021	-0.359	1	1	0.319391749999999
24.999	0.0145	-0.383	1	1	0.300841749999999
25.049	0.0075	-0.41	1	1	0.28101675
25.098	0.0015	-0.43	1	1	0.260436749999999
25.149	-0.004	-0.4635	1	1	0.237652499999999
25.197	-0.01	-0.483	1	1	0.214936499999998
25.249	-0.0155	-0.519	1	1	0.188884499999999
25.298	-0.0215	-0.5395	1	1	0.162951249999999
25.348	-0.027	-0.5755	1	1	0.135076249999998
25.398	-0.032	-0.6015	1	1	0.10565125
25.449	-0.0375	-0.639	1	1	0.0740184999999989
25.498	-0.0435	-0.656	1	1	0.0422909999999992
25.548	-0.0495	-0.693	1	1	0.00856599999999876
25.598	-0.056	-0.7085	1	1	-0.0264715000000017
25.649	-0.063	-0.737	1	1	-0.0633317500000006
25.697	-0.0695	-0.7545	1	1	-0.0991277500000019
25.748	-0.0775	-0.716	1	1	-0.136625500000001
25.798	-0.084	-0.643	1	1	-0.170600500000001
25.848	-0.091	-0.595	1	1	-0.201550500000002
25.898	-0.097	-0.5285	1	1	-0.229638
25.949	-0.103	-0.473	1	1	-0.255176250000001
25.998	-0.1085	-0.4085	1	1	-0.276773000000001
26.048	-0.113	-0.3655	1	1	-0.296123000000001
26.099	-0.1175	-0.3005	1	1	-0.313106000000001
26.148	-0.1215	-0.2635	1	1	-0.326924
26.199	-0.1245	-0.1975	1	1	-0.338679500000001
26.248	-0.1265	-0.1645	1	1	-0.347548500000001
26.298	-0.1285	-0.1035	1	1	-0.354248500000001
26.349	-0.1295	-0.067	1	1	-0.358596250000001
26.398	-0.13	-0.0125	1	1	-0.360544000000001
26.449	-0.129	0.008	1	1	-0.360658750000001
26.498	-0.125	0.0445	1	1	-0.359372500000001
26.549	-0.1185	0.064	1	1	-0.356605750000001
26.599	-0.1115	0.1005	1	1	-0.352493250000001
26.648	-0.1045	0.1055	1	1	-0.347446250000001
26.698	-0.0965	0.141	1	1	-0.341283750000001
26.749	-0.088	0.162	1	1	-0.33355725
26.798	-0.08	0.1815	1	1	-0.3251415
26.848	-0.072	0.209	1	1	-0.315379
26.897	-0.0635	0.2225	1	1	-0.30480725
26.948	-0.056	0.246	1	1	-0.292860500000001
26.999	-0.048	0.2725	1	1	-0.27963875
27.049	-0.0405	0.282	1	1	-0.265776250000001
27.099	-0.033	0.3125	1	1	-0.250913750000001
27.148	-0.026	0.347	1	1	-0.234756000000001
27.199	-0.019	0.3625	1	1	-0.21666375
27.248	-0.012	0.3925	1	1	-0.198166250000001
27.298	-0.0055	0.413	1	1	-0.17802875
27.348	0.0005	0.435	1	1	-0.15682875
27.399	0.006	0.466	1	1	-0.133853250000001
27.448	0.012	0.5015	1	1	-0.110149500000001
27.498	0.0175	0.519	1	1	-0.0846370000000006
27.549	0.0235	0.5545	1	1	-0.0572627500000015
27.598	0.029	0.577	1	1	-0.0295409999999998
27.649	0.0345	0.606	1	1	0.000625499999999286
27.698	0.04	0.633	1	1	0.030980999999999
27.749	0.046	0.669	1	1	0.0641820000000002
27.798	0.052	0.687	1	1	0.0974039999999999
27.849	0.0585	0.722	1	1	0.133333499999999
27.899	0.065	0.737	1	1	0.169808499999999
27.949	0.0725	0.753	1	1	0.2070585
27.999	0.0795	0.6915	1	1	0.243171
28.048	0.087	0.626	1	1	0.27544975
28.098	0.0935	0.5645	1	1	0.30521225
28.148	0.1	0.5035	1	1	0.331912249999999
28.199	0.106	0.448	1	1	0.3561755
28.248	0.1115	0.399	1	1	0.376927
28.299	0.1165	0.3315	1	1	0.395554749999999
28.349	0.121	0.285	1	1	0.410967249999999
28.398	0.1245	0.2255	1	1	0.423474499999999
28.45	0.1275	0.1825	1	1	0.434082499999999
28.498	0.1295	0.127	1	1	0.441510499999999
28.548	0.1315	0.09	1	1	0.446935499999999
28.598	0.1325	0.042	1	1	0.450235499999999
28.649	0.1325	0.0025	1	1	0.451370249999999
28.699	0.1305	-0.038	1	1	0.450482749999999
28.749	0.125	-0.0545	1	1	0.448170249999999
28.798	0.1185	-0.092	1	1	0.444580999999999
28.848	0.111	-0.103	1	1	0.439705999999999
28.899	0.1035	-0.1355	1	1	0.433624249999999
28.949	0.095	-0.1455	1	1	0.426599249999999
28.998	0.087	-0.1675	1	1	0.418930749999999
29.049	0.0785	-0.1855	1	1	0.40992925
29.098	0.0705	-0.2085	1	1	0.400276249999999
29.149	0.062	-0.227	1	1	0.389170999999999
29.199	0.054	-0.26	1	1	0.376995999999999
29.249	0.0465	-0.272	1	1	0.363695999999999
29.298	0.039	-0.2985	1	1	0.349718749999999
29.348	0.032	-0.322	1	1	0.334206249999999
29.398	0.0245	-0.346	1	1	0.31750625
29.449	0.0175	-0.371	1	1	0.299222749999999
29.499	0.011	-0.401	1	1	0.279922749999999
29.549	0.0045	-0.42	1	1	0.25939775
29.599	-0.0015	-0.4525	1	1	0.23758525
29.649	-0.0075	-0.481	1	1	0.21424775
29.698	-0.013	-0.504	1	1	0.19011525
29.748	-0.0185	-0.5325	1	1	0.164202749999999
29.799	-0.024	-0.5615	1	1	0.13630575
29.849	-0.03	-0.587	1	1	0.10759325
29.898	-0.035	-0.617	1	1	0.0780952500000002
29.949	-0.041	-0.6395	1	1	0.046054499999999
29.999	-0.0465	-0.672	1	1	0.0132669999999985
30.049	-0.053	-0.6975	1	1	-0.0209704999999996
30.098	-0.059	-0.723	1	1	-0.0557727500000017
30.149	-0.0665	-0.7465	1	1	-0.0932450000000005
30.198	-0.0735	-0.739	1	1	-0.12963975
30.249	-0.081	-0.6675	1	1	-0.165505500000002
30.298	-0.0875	-0.6165	1	1	-0.196963500000001
30.349	-0.0945	-0.5535	1	1	-0.2267985
30.399	-0.1005	-0.497	1	1	-0.253061000000001
30.449	-0.106	-0.4375	1	1	-0.276423500000001
30.499	-0.1115	-0.3795	1	1	-0.296848500000001
30.549	-0.116	-0.3265	1	1	-0.3144985
30.599	-0.12	-0.2745	1	1	-0.3295235
30.649	-0.1235	-0.2225	1	1	-0.341948500000002
30.698	-0.126	-0.1775	1	1	-0.351748500000001
30.748	-0.128	-0.127	1	1	-0.359361000000001
30.798	-0.129	-0.0815	1	1	-0.364573500000001
30.849	-0.13	-0.036	1	1	-0.367569750000001
30.898	-0.13	0.0035	1	1	-0.368366000000001
30.949	-0.127	0.035	1	1	-0.367384250000001
30.998	-0.122	0.0605	1	1	-0.365044500000001
31.049	-0.115	0.0865	1	1	-0.361296000000001
31.099	-0.108	0.107	1	1	-0.356458500000001
31.148	-0.1	0.1305	1	1	-0.350639750000001
31.198	-0.092	0.1515	1	1	-0.34358975
31.249	-0.084	0.1725	1	1	-0.335327750000001
31.299	-0.0755	0.193	1	1	-0.32619025
31.349	-0.0675	0.214	1	1	-0.316015250000001
31.399	-0.0595	0.2355	1	1	-0.30477775
31.447	-0.052	0.2575	1	1	-0.292945750000001
31.498	-0.044	0.2795	1	1	-0.279252250000001
31.548	-0.0365	0.304	1	1	-0.264664750000002
31.598	-0.0295	0.322	1	1	-0.24901475
31.648	-0.0225	0.353	1	1	-0.232139750000001
31.698	-0.0155	0.3765	1	1	-0.21390225
31.748	-0.009	0.4045	1	1	-0.194377250000001
31.799	-0.002	0.43	1	1	-0.1730975
31.849	0.0035	0.4575	1	1	-0.150910000000001
31.898	0.0095	0.483	1	1	-0.127867750000002
31.949	0.0155	0.512	1	1	-0.102495250000001
31.999	0.0205	0.541	1	1	-0.0761702500000021
32.05	0.0265	0.57	1	1	-0.047839750000003
32.098	0.032	0.5965	1	1	-0.0198437500000019
32.15	0.0375	0.6275	1	1	0.0119802499999978
32.198	0.043	0.6525	1	1	0.042700249999999
32.248	0.049	0.687	1	1	0.0761877499999971
32.298	0.055	0.7065	1	1	0.111025249999995
32.348	0.0615	0.735	1	1	0.147062749999998
32.398	0.0685	0.7505	1	1	0.184200249999996
32.447	0.076	0.729	1	1	0.220447999999996
32.498	0.0835	0.6625	1	1	0.255931249999997
32.549	0.0905	0.601	1	1	0.288150499999998
32.598	0.097	0.5385	1	1	0.316068249999998
32.648	0.103	0.4875	1	1	0.341718249999996
32.698	0.109	0.4175	1	1	0.364343249999998
32.748	0.114	0.367	1	1	0.383955749999997
32.798	0.119	0.31	1	1	0.400880749999996
32.848	0.123	0.266	1	1	0.415280749999998
32.899	0.1265	0.205	1	1	0.427291249999998
32.949	0.129	0.161	1	1	0.436441249999998
32.998	0.131	0.108	1	1	0.443031749999997
33.049	0.132	0.064	1	1	0.447417749999998
33.098	0.1325	0.017	1	1	0.449402249999998
33.149	0.132	-0.012	1	1	0.449529749999998
33.198	0.128	-0.048	1	1	0.448059749999998
33.249	0.1215	-0.0645	1	1	0.445190999999998
33.298	0.1145	-0.097	1	1	0.441234249999998
33.349	0.107	-0.11	1	1	0.435955749999998
33.399	0.099	-0.1395	1	1	0.429718249999997
33.45	0.0905	-0.1575	1	1	0.422144749999998
33.498	0.0825	-0.1835	1	1	0.413960749999998
33.549	0.074	-0.1925	1	1	0.404372749999997
33.598	0.066	-0.2225	1	1	0.394205249999998
33.649	0.058	-0.241	1	1	0.382385999999997
33.698	0.0505	-0.266	1	1	0.369964499999997
33.749	0.0425	-0.286	1	1	0.355888499999999
33.798	0.035	-0.3165	1	1	0.341127249999999
33.849	0.028	-0.3345	1	1	0.324526749999998
33.898	0.021	-0.364	1	1	0.307413499999998
33.949	0.014	-0.3785	1	1	0.288479749999998
33.998	0.0075	-0.417	1	1	0.268989999999998
34.048	0.001	-0.4305	1	1	0.247802499999999
34.098	-0.0045	-0.469	1	1	0.225314999999997
34.149	-0.0105	-0.4845	1	1	0.201000749999996
34.198	-0.016	-0.5175	1	1	0.176451749999996
34.248	-0.0215	-0.5415	1	1	0.149976749999998
34.299	-0.027	-0.5805	1	1	0.121365749999997
34.349	-0.0325	-0.603	1	1	0.0917782499999986
34.399	-0.0385	-0.6415	1	1	0.0606657499999959
34.45	-0.044	-0.6575	1	1	0.0275412499999993
34.498	-0.05	-0.69	1	1	-0.00479875000000195
34.549	-0.0565	-0.706	1	1	-0.0403967500000033
34.598	-0.063	-0.7395	1	1	-0.0758115000000029
34.648	-0.07	-0.7585	1	1	-0.113261500000001
34.699	-0.0775	-0.7085	1	1	-0.150670000000002
34.748	-0.0845	-0.6445	1	1	-0.183818500000002
34.798	-0.0915	-0.5915	1	1	-0.2147185
34.849	-0.0975	-0.518	1	1	-0.243010750000001
34.898	-0.1035	-0.4665	1	1	-0.267131000000001
34.949	-0.109	-0.4045	1	1	-0.289341500000002
34.999	-0.114	-0.3575	1	1	-0.308391500000001
35.048	-0.118	-0.3045	1	1	-0.324610500000001
35.099	-0.122	-0.2445	1	1	-0.338610000000001
35.149	-0.125	-0.1935	1	1	-0.349560000000002
35.199	-0.1275	-0.159	1	1	-0.358372500000002
35.249	-0.129	-0.0995	1	1	-0.364835000000001
35.298	-0.13	-0.051	1	1	-0.368522250000001
35.348	-0.1305	-0.015	1	1	-0.370172250000001
35.399	-0.129	0.011	1	1	-0.370274250000001
35.449	-0.1245	0.054	1	1	-0.368649250000001
35.499	-0.1185	0.0825	1	1	-0.365236750000002
35.549	-0.1115	0.0985	1	1	-0.360711750000001
35.598	-0.1035	0.111	1	1	-0.355579000000001
35.648	-0.096	0.1385	1	1	-0.349341500000002
35.698	-0.088	0.1705	1	1	-0.341616500000001
35.749	-0.079	0.1865	1	1	-0.332513000000002
35.799	-0.0715	0.205	1	1	-0.322725500000001
35.849	-0.063	0.225	1	1	-0.311975500000002
35.898	-0.055	0.2495	1	1	-0.300350250000002
35.949	-0.0475	0.274	1	1	-0.287001000000001
35.998	-0.04	0.287	1	1	-0.273256500000001
36.048	-0.0325	0.3115	1	1	-0.258294000000002
36.099	-0.0255	0.345	1	1	-0.241553250000002
36.149	-0.0185	0.3635	1	1	-0.22384075
36.199	-0.012	0.3895	1	1	-0.205015750000001
36.248	-0.0055	0.4125	1	1	-0.185366750000001
36.298	0.0005	0.4475	1	1	-0.163866750000003
36.349	0.007	0.4785	1	1	-0.140253750000002
36.398	0.0125	0.5045	1	1	-0.116170250000002
36.449	0.0185	0.528	1	1	-0.0898415000000009
36.498	0.024	0.5625	1	1	-0.0631242500000012
36.549	0.0295	0.58	1	1	-0.0339905000000001
36.598	0.0345	0.614	1	1	-0.00473750000000038
36.648	0.0405	0.6355	1	1	0.0264999999999978
36.698	0.046	0.6675	1	1	0.0590750000000006
36.749	0.0525	0.6895	1	1	0.0936784999999971
36.799	0.059	0.724	1	1	0.129016
36.848	0.065	0.741	1	1	0.1649085
36.898	0.0725	0.756	1	1	0.202333499999998
36.949	0.0805	0.6925	1	1	0.239270249999999
36.998	0.087	0.6335	1	1	0.271757249999999
37.049	0.094	0.559	1	1	0.302166
37.098	0.1	0.51	1	1	0.3283565
37.149	0.1065	0.44	1	1	0.3525815
37.199	0.112	0.393	1	1	0.373406499999999
37.248	0.1165	0.3305	1	1	0.391132249999999
37.298	0.121	0.2825	1	1	0.406457249999998
37.349	0.125	0.2275	1	1	0.419462249999999
37.399	0.128	0.178	1	1	0.42959975
37.451	0.13	0.1215	1	1	0.43738675
37.498	0.1315	0.0865	1	1	0.442274749999999
37.549	0.1325	0.031	1	1	0.445270999999999
37.599	0.1325	-0.0005	1	1	0.446033499999999
37.648	0.13	-0.041	1	1	0.445016749999999
37.699	0.1245	-0.058	1	1	0.442492249999999
37.749	0.118	-0.094	1	1	0.438692249999999
37.799	0.1105	-0.103	1	1	0.433767249999999
37.849	0.1025	-0.138	1	1	0.427742249999999
37.899	0.095	-0.149	1	1	0.420567249999999
37.947	0.0865	-0.169	1	1	0.41293525
37.998	0.078	-0.191	1	1	0.403755249999999
38.048	0.07	-0.2155	1	1	0.39359275
38.099	0.062	-0.2315	1	1	0.382194249999999
38.149	0.0535	-0.256	1	1	0.370006749999998
38.198	0.046	-0.276	1	1	0.356972749999998
38.248	0.0385	-0.299	1	1	0.342597749999999
38.298	0.031	-0.3235	1	1	0.32703525
38.349	0.024	-0.3555	1	1	0.309720749999999
38.398	0.017	-0.3725	1	1	0.29188475
38.449	0.0105	-0.3985	1	1	0.272224249999999
38.499	0.004	-0.425	1	1	0.25163675
38.554	-0.0025	-0.451	1	1	0.22754675
38.599	-0.008	-0.4785	1	1	0.206632999999999
38.648	-0.0135	-0.5055	1	1	0.182525
38.698	-0.019	-0.5335	1	1	0.156549999999998
38.749	-0.0245	-0.5625	1	1	0.128602
38.798	-0.03	-0.59	1	1	0.100365750000001
38.849	-0.0355	-0.6195	1	1	0.0695234999999995
38.898	-0.0415	-0.646	1	1	0.0385187499999998
38.949	-0.047	-0.674	1	1	0.0048587499999985
38.999	-0.053	-0.7	1	1	-0.0294912499999995
39.049	-0.06	-0.7255	1	1	-0.0651287500000026
39.099	-0.067	-0.7495	1	1	-0.102003750000001
39.148	-0.074	-0.734	1	1	-0.1383495
39.199	-0.0815	-0.672	1	1	-0.174202500000001
39.249	-0.088	-0.6095	1	1	-0.20624
39.298	-0.095	-0.55	1	1	-0.234647749999999
39.348	-0.101	-0.493	1	1	-0.260722750000002
39.399	-0.1065	-0.434	1	1	-0.284361250000002
39.449	-0.1115	-0.3775	1	1	-0.304648750000001
39.499	-0.1165	-0.323	1	1	-0.32216125
39.549	-0.12	-0.2705	1	1	-0.336998750000002
39.599	-0.1235	-0.2205	1	1	-0.349273750000001
39.649	-0.1265	-0.17	1	1	-0.359036250000002
39.699	-0.1285	-0.122	1	1	-0.366336250000001
39.748	-0.1295	-0.0795	1	1	-0.371273000000001
39.798	-0.1305	-0.033	1	1	-0.374085500000001
39.849	-0.1305	0.0075	1	1	-0.374735750000001
39.898	-0.127	0.0375	1	1	-0.373633250000001
39.949	-0.1215	0.0625	1	1	-0.371083250000001
39.998	-0.115	0.087	1	1	-0.367420500000001
40.048	-0.1075	0.1075	1	1	-0.362558000000001
40.098	-0.1	0.1315	1	1	-0.356583000000001
40.149	-0.092	0.1505	1	1	-0.349392000000001
40.199	-0.0835	0.1745	1	1	-0.341267000000001
40.249	-0.075	0.1935	1	1	-0.332067000000002
40.298	-0.067	0.2155	1	1	-0.322046500000002
40.348	-0.059	0.232	1	1	-0.310859000000001
40.398	-0.051	0.2595	1	1	-0.298571500000001
40.449	-0.0435	0.2815	1	1	-0.284776000000001
40.499	-0.036	0.3055	1	1	-0.270101000000002
40.549	-0.029	0.3255	1	1	-0.254326
40.598	-0.022	0.3555	1	1	-0.237641500000001
40.649	-0.015	0.3785	1	1	-0.2189245
40.698	-0.0085	0.4075	1	1	-0.1996675
40.749	-0.002	0.4325	1	1	-0.178247500000002
40.799	0.004	0.46	1	1	-0.155935
